类别总数: 23
特征总数: 41
label
smurf.      573.221624
neptune.    218.849101
normal.     198.590161
other         9.339115
Name: count, dtype: float64
聚类中心:
[0.028938906752411574 0.08520900321543408 4.564308681672026
 3.964630225080386 23.726688102893892 3.122186495176849 0.0 0.0 0.0 0.0
 0.0 0.04662379421221865 0.0 0.0 0.0 0.0 0.0 0.0 0.0 0.0 0.0 0.0
 177.77170418006432 69.11254019292605 0.08038585209003216
 0.06430868167202572 0.01929260450160772 0.024115755627009645
 23.717041800643088 0.16881028938906753 0.2090032154340836
 42.451768488745984 56.68327974276527 35.065916398713824
 0.2395498392282958 28.006430868167204 0.08681672025723473
 0.1045016077170418 0.05627009646302251 0.07717041800643087
 0.07234726688102894]
[0.6485507246376812 1.108695652173913 14.91304347826087 2.4927536231884058
 2.960144927536232 2.789855072463768 0.0 0.0 0.0 0.0 0.0
 0.06521739130434782 0.0 0.0 0.0 0.0036231884057971015
 0.0036231884057971015 0.0 0.0 0.0 0.0 0.0 49.5036231884058
 18.583333333333332 2.891304347826087 2.3152173913043477
 0.9528985507246377 1.1992753623188406 10.96376811594203
 2.4528985507246377 1.1775362318840579 41.93478260869565
 31.670289855072465 9.01086956521739 6.891304347826087 2.822463768115942
 0.6521739130434783 3.4782608695652173 1.7318840579710144
 3.0615942028985508 2.8260869565217392]
[0.35 1.02 10.01 3.97 67.94 77.9 0.0 0.0 0.0 0.01 0.0 0.95 0.01 0.0 0.0
 0.0 0.01 0.0 0.01 0.0 0.0 0.0 57.83 16.99 0.02 0.03 0.03 0.09 24.0 0.0
 6.49 37.72 50.63 33.37 1.08 3.98 1.71 0.05 0.04 0.25 0.23]
聚类结果:
第 0 类:
[0 0 4 4 2 0 0 0 0 0 0 0 0 0 0 0 0 0 0 0 0 0 181 73 0 0 0 0 24 0 0 42 57
 36 0 30 0 0 0 0 0]
[0 0 4 4 2 0 0 0 0 0 0 0 0 0 0 0 0 0 0 0 0 0 181 73 0 0 0 0 24 0 0 42 57
 36 0 30 0 0 0 0 0]
[0 0 4 4 108 0 0 0 0 0 0 0 0 0 0 0 0 0 0 0 0 0 181 73 0 0 0 0 24 0 0 42 57
 36 0 30 0 0 0 0 0]
[0 0 4 4 2 0 0 0 0 0 0 0 0 0 0 0 0 0 0 0 0 0 180 72 0 0 0 0 24 0 0 42 57
 36 0 30 0 0 0 0 0]
[0 0 4 4 2 0 0 0 0 0 0 0 0 0 0 0 0 0 0 0 0 0 181 73 0 0 0 0 24 0 0 42 57
 36 0 30 0 0 0 0 0]
[0 0 4 4 2 0 0 0 0 0 0 0 0 0 0 0 0 0 0 0 0 0 181 73 0 0 0 0 24 0 0 42 57
 36 0 30 0 0 0 0 0]
[0 0 4 4 2 0 0 0 0 0 0 0 0 0 0 0 0 0 0 0 0 0 180 72 0 0 0 0 24 0 0 42 57
 36 0 30 0 0 0 0 0]
[0 0 4 4 2 0 0 0 0 0 0 0 0 0 0 0 0 0 0 0 0 0 181 73 0 0 0 0 24 0 0 42 57
 36 0 30 0 0 0 0 0]
[0 0 4 4 2 0 0 0 0 0 0 0 0 0 0 0 0 0 0 0 0 0 181 73 0 0 0 0 24 0 0 42 57
 36 0 30 0 0 0 0 0]
[0 0 4 4 108 0 0 0 0 0 0 0 0 0 0 0 0 0 0 0 0 0 146 37 0 0 0 0 24 0 0 42 57
 36 0 30 0 0 0 0 0]
[0 0 4 4 2 0 0 0 0 0 0 0 0 0 0 0 0 0 0 0 0 0 181 73 0 0 0 0 24 0 0 42 57
 36 0 30 0 0 0 0 0]
[0 0 4 4 2 0 0 0 0 0 0 0 0 0 0 0 0 0 0 0 0 0 181 73 0 0 0 0 24 0 0 42 57
 36 0 30 0 0 0 0 0]
[0 0 4 4 2 0 0 0 0 0 0 0 0 0 0 0 0 0 0 0 0 0 181 73 0 0 0 0 24 0 0 42 57
 36 0 30 0 0 0 0 0]
[0 0 4 4 108 0 0 0 0 0 0 0 0 0 0 0 0 0 0 0 0 0 167 60 0 0 0 0 24 0 0 42 57
 36 0 30 0 0 0 0 0]
[0 0 4 4 2 0 0 0 0 0 0 0 0 0 0 0 0 0 0 0 0 0 181 73 0 0 0 0 24 0 0 42 57
 36 0 30 0 0 0 0 0]
[0 0 4 4 2 0 0 0 0 0 0 0 0 0 0 0 0 0 0 0 0 0 181 73 0 0 0 0 24 0 0 42 57
 36 0 30 0 0 0 0 0]
[0 0 4 4 2 0 0 0 0 0 0 0 0 0 0 0 0 0 0 0 0 0 181 73 0 0 0 0 24 0 0 42 57
 36 0 30 0 0 0 0 0]
[0 0 4 4 2 0 0 0 0 0 0 0 0 0 0 0 0 0 0 0 0 0 181 73 0 0 0 0 24 0 0 42 57
 36 0 30 0 0 0 0 0]
[0 0 4 4 108 0 0 0 0 0 0 0 0 0 0 0 0 0 0 0 0 0 181 73 0 0 0 0 24 0 0 42 57
 36 0 30 0 0 0 0 0]
[0 0 4 4 2 0 0 0 0 0 0 0 0 0 0 0 0 0 0 0 0 0 181 73 0 0 0 0 24 0 0 42 57
 36 0 30 0 0 0 0 0]
[0 0 4 4 2 0 0 0 0 0 0 0 0 0 0 0 0 0 0 0 0 0 181 73 0 0 0 0 24 0 0 42 57
 36 0 30 0 0 0 0 0]
[0 0 4 4 2 0 0 0 0 0 0 0 0 0 0 0 0 0 0 0 0 0 181 73 0 0 0 0 24 0 0 42 57
 36 0 30 0 0 0 0 0]
[0 0 4 4 2 0 0 0 0 0 0 0 0 0 0 0 0 0 0 0 0 0 181 73 0 0 0 0 24 0 0 42 57
 36 0 30 0 0 0 0 0]
[0 0 4 4 2 0 0 0 0 0 0 0 0 0 0 0 0 0 0 0 0 0 180 72 0 0 0 0 24 0 0 42 57
 36 0 30 0 0 0 0 0]
[0 0 4 4 2 0 0 0 0 0 0 0 0 0 0 0 0 0 0 0 0 0 181 73 0 0 0 0 24 0 0 42 57
 36 0 30 0 0 0 0 0]
[0 0 4 4 2 0 0 0 0 0 0 0 0 0 0 0 0 0 0 0 0 0 181 73 0 0 0 0 24 0 0 42 57
 36 0 30 0 0 0 0 0]
[0 0 4 4 2 0 0 0 0 0 0 0 0 0 0 0 0 0 0 0 0 0 181 73 0 0 0 0 24 0 0 42 57
 36 0 30 0 0 0 0 0]
[0 0 4 4 2 0 0 0 0 0 0 0 0 0 0 0 0 0 0 0 0 0 181 73 0 0 0 0 24 0 0 42 57
 36 0 30 0 0 0 0 0]
[0 0 4 4 2 0 0 0 0 0 0 0 0 0 0 0 0 0 0 0 0 0 181 73 0 0 0 0 24 0 0 42 57
 36 0 30 0 0 0 0 0]
[0 0 4 4 2 0 0 0 0 0 0 0 0 0 0 0 0 0 0 0 0 0 181 73 0 0 0 0 24 0 0 42 57
 36 0 30 0 0 0 0 0]
[0 0 4 4 2 0 0 0 0 0 0 0 0 0 0 0 0 0 0 0 0 0 180 72 0 0 0 0 24 0 0 42 57
 36 0 30 0 0 0 0 0]
[0 0 4 4 2 0 0 0 0 0 0 0 0 0 0 0 0 0 0 0 0 0 180 72 0 0 0 0 24 0 0 42 57
 36 0 30 0 0 0 0 0]
[0 0 4 4 2 0 0 0 0 0 0 0 0 0 0 0 0 0 0 0 0 0 181 73 0 0 0 0 24 0 0 42 57
 36 0 30 0 0 0 0 0]
[0 0 4 4 2 0 0 0 0 0 0 0 0 0 0 0 0 0 0 0 0 0 181 73 0 0 0 0 24 0 0 42 57
 36 0 30 0 0 0 0 0]
[0 0 4 4 2 0 0 0 0 0 0 0 0 0 0 0 0 0 0 0 0 0 181 73 0 0 0 0 24 0 0 42 57
 36 0 30 0 0 0 0 0]
[0 0 4 4 2 0 0 0 0 0 0 0 0 0 0 0 0 0 0 0 0 0 181 73 0 0 0 0 24 0 0 42 57
 36 0 30 0 0 0 0 0]
[0 0 4 4 2 0 0 0 0 0 0 0 0 0 0 0 0 0 0 0 0 0 181 73 0 0 0 0 24 0 0 42 57
 36 0 30 0 0 0 0 0]
[0 0 4 4 108 0 0 0 0 0 0 0 0 0 0 0 0 0 0 0 0 0 181 73 0 0 0 0 24 0 0 42 57
 36 0 30 0 0 0 0 0]
[0 0 4 4 2 0 0 0 0 0 0 0 0 0 0 0 0 0 0 0 0 0 181 73 0 0 0 0 24 0 0 42 57
 36 0 30 0 0 0 0 0]
[0 0 4 4 2 0 0 0 0 0 0 0 0 0 0 0 0 0 0 0 0 0 181 73 0 0 0 0 24 0 0 42 57
 36 0 30 0 0 0 0 0]
[0 0 4 4 2 0 0 0 0 0 0 0 0 0 0 0 0 0 0 0 0 0 181 73 0 0 0 0 24 0 0 42 57
 36 0 30 0 0 0 0 0]
[0 0 4 4 108 0 0 0 0 0 0 0 0 0 0 0 0 0 0 0 0 0 181 73 0 0 0 0 24 0 0 42 57
 36 0 30 0 0 0 0 0]
[0 0 4 4 2 0 0 0 0 0 0 0 0 0 0 0 0 0 0 0 0 0 180 72 0 0 0 0 24 0 0 42 57
 36 0 30 0 0 0 0 0]
[0 0 4 4 2 0 0 0 0 0 0 0 0 0 0 0 0 0 0 0 0 0 180 72 0 0 0 0 24 0 0 42 57
 36 0 30 0 0 0 0 0]
[0 0 4 4 2 0 0 0 0 0 0 0 0 0 0 0 0 0 0 0 0 0 181 73 0 0 0 0 24 0 0 42 57
 36 0 30 0 0 0 0 0]
[0 0 4 4 2 0 0 0 0 0 0 0 0 0 0 0 0 0 0 0 0 0 178 70 0 0 0 0 24 0 0 42 57
 36 0 30 0 0 0 0 0]
[0 0 4 4 2 0 0 0 0 0 0 0 0 0 0 0 0 0 0 0 0 0 181 73 0 0 0 0 24 0 0 42 57
 36 0 30 0 0 0 0 0]
[0 0 4 4 2 0 0 0 0 0 0 0 0 0 0 0 0 0 0 0 0 0 181 73 0 0 0 0 24 0 0 42 57
 36 0 30 0 0 0 0 0]
[0 0 4 4 2 0 0 0 0 0 0 0 0 0 0 0 0 0 0 0 0 0 181 73 0 0 0 0 24 0 0 42 57
 36 0 30 0 0 0 0 0]
[0 0 4 4 2 0 0 0 0 0 0 0 0 0 0 0 0 0 0 0 0 0 181 73 0 0 0 0 24 0 0 42 57
 36 0 30 0 0 0 0 0]
[0 0 4 4 2 0 0 0 0 0 0 0 0 0 0 0 0 0 0 0 0 0 181 73 0 0 0 0 24 0 0 42 57
 36 0 30 0 0 0 0 0]
[0 0 4 4 2 0 0 0 0 0 0 0 0 0 0 0 0 0 0 0 0 0 181 73 0 0 0 0 24 0 0 42 57
 36 0 30 0 0 0 0 0]
[0 0 4 4 2 0 0 0 0 0 0 0 0 0 0 0 0 0 0 0 0 0 181 73 0 0 0 0 24 0 0 42 57
 36 0 30 0 0 0 0 0]
[0 0 4 4 2 0 0 0 0 0 0 0 0 0 0 0 0 0 0 0 0 0 181 73 0 0 0 0 24 0 0 42 57
 36 0 30 0 0 0 0 0]
[0 0 4 4 2 0 0 0 0 0 0 0 0 0 0 0 0 0 0 0 0 0 181 73 0 0 0 0 24 0 0 42 57
 36 0 30 0 0 0 0 0]
[0 0 4 4 108 0 0 0 0 0 0 0 0 0 0 0 0 0 0 0 0 0 158 51 0 0 0 0 24 0 0 42 57
 36 0 30 0 0 0 0 0]
[0 0 4 4 2 0 0 0 0 0 0 0 0 0 0 0 0 0 0 0 0 0 181 73 0 0 0 0 24 0 0 42 57
 36 0 30 0 0 0 0 0]
[0 0 4 4 108 0 0 0 0 0 0 0 0 0 0 0 0 0 0 0 0 0 181 73 0 0 0 0 24 0 0 42 57
 36 0 30 0 0 0 0 0]
[0 0 4 4 2 0 0 0 0 0 0 0 0 0 0 0 0 0 0 0 0 0 181 73 0 0 0 0 24 0 0 42 57
 36 0 30 0 0 0 0 0]
[0 0 4 4 2 0 0 0 0 0 0 0 0 0 0 0 0 0 0 0 0 0 181 73 0 0 0 0 24 0 0 42 57
 36 0 30 0 0 0 0 0]
[0 0 4 4 2 0 0 0 0 0 0 0 0 0 0 0 0 0 0 0 0 0 181 73 0 0 0 0 24 0 0 42 57
 36 0 30 0 0 0 0 0]
[0 0 4 4 108 0 0 0 0 0 0 0 0 0 0 0 0 0 0 0 0 0 147 39 0 0 0 0 24 0 0 42 57
 36 0 30 0 0 0 0 0]
[0 0 4 4 2 0 0 0 0 0 0 0 0 0 0 0 0 0 0 0 0 0 181 73 0 0 0 0 24 0 0 42 57
 36 0 30 0 0 0 0 0]
[0 0 4 4 2 0 0 0 0 0 0 0 0 0 0 0 0 0 0 0 0 0 181 73 0 0 0 0 24 0 0 42 57
 36 0 30 0 0 0 0 0]
[0 0 4 4 2 0 0 0 0 0 0 0 0 0 0 0 0 0 0 0 0 0 181 73 0 0 0 0 24 0 0 42 57
 36 0 30 0 0 0 0 0]
[0 0 4 4 2 0 0 0 0 0 0 0 0 0 0 0 0 0 0 0 0 0 181 73 0 0 0 0 24 0 0 42 57
 36 0 30 0 0 0 0 0]
[0 0 4 4 2 0 0 0 0 0 0 0 0 0 0 0 0 0 0 0 0 0 181 73 0 0 0 0 24 0 0 42 57
 36 0 30 0 0 0 0 0]
[0 0 4 4 2 0 0 0 0 0 0 0 0 0 0 0 0 0 0 0 0 0 181 73 0 0 0 0 24 0 0 42 57
 36 0 30 0 0 0 0 0]
[0 0 4 4 2 0 0 0 0 0 0 0 0 0 0 0 0 0 0 0 0 0 181 73 0 0 0 0 24 0 0 42 57
 36 0 30 0 0 0 0 0]
[0 0 4 4 108 0 0 0 0 0 0 0 0 0 0 0 0 0 0 0 0 0 181 73 0 0 0 0 24 0 0 42 57
 36 0 30 0 0 0 0 0]
[0 0 4 4 2 0 0 0 0 0 0 0 0 0 0 0 0 0 0 0 0 0 181 73 0 0 0 0 24 0 0 42 57
 36 0 30 0 0 0 0 0]
[0 0 4 4 2 0 0 0 0 0 0 0 0 0 0 0 0 0 0 0 0 0 181 73 0 0 0 0 24 0 0 42 57
 36 0 30 0 0 0 0 0]
[0 0 4 4 2 0 0 0 0 0 0 0 0 0 0 0 0 0 0 0 0 0 181 73 0 0 0 0 24 0 0 42 57
 36 0 30 0 0 0 0 0]
[0 0 4 4 108 0 0 0 0 0 0 0 0 0 0 0 0 0 0 0 0 0 181 73 0 0 0 0 24 0 0 42 57
 36 0 30 0 0 0 0 0]
[0 0 4 4 2 0 0 0 0 0 0 0 0 0 0 0 0 0 0 0 0 0 181 73 0 0 0 0 24 0 0 42 57
 36 0 30 0 0 0 0 0]
[0 0 4 4 108 0 0 0 0 0 0 0 0 0 0 0 0 0 0 0 0 0 165 58 0 0 0 0 24 0 0 42 57
 36 0 30 0 0 0 0 0]
[0 0 4 4 2 0 0 0 0 0 0 0 0 0 0 0 0 0 0 0 0 0 181 73 0 0 0 0 24 0 0 42 57
 36 0 30 0 0 0 0 0]
[0 0 4 4 108 0 0 0 0 0 0 0 0 0 0 0 0 0 0 0 0 0 147 39 0 0 0 0 24 0 0 42 57
 36 0 30 0 0 0 0 0]
[0 0 4 4 2 0 0 0 0 0 0 0 0 0 0 0 0 0 0 0 0 0 181 73 0 0 0 0 24 0 0 42 57
 36 0 30 0 0 0 0 0]
[0 0 4 4 2 0 0 0 0 0 0 0 0 0 0 0 0 0 0 0 0 0 181 73 0 0 0 0 24 0 0 42 57
 36 0 30 0 0 0 0 0]
[0 0 4 4 2 0 0 0 0 0 0 0 0 0 0 0 0 0 0 0 0 0 181 73 0 0 0 0 24 0 0 42 57
 36 0 30 0 0 0 0 0]
[0 0 4 4 2 0 0 0 0 0 0 0 0 0 0 0 0 0 0 0 0 0 181 73 0 0 0 0 24 0 0 42 57
 36 0 30 0 0 0 0 0]
[0 0 4 4 2 0 0 0 0 0 0 0 0 0 0 0 0 0 0 0 0 0 181 73 0 0 0 0 24 0 0 42 57
 36 0 30 0 0 0 0 0]
[0 0 4 4 2 0 0 0 0 0 0 0 0 0 0 0 0 0 0 0 0 0 181 73 0 0 0 0 24 0 0 42 57
 36 0 30 0 0 0 0 0]
[0 0 4 4 2 0 0 0 0 0 0 0 0 0 0 0 0 0 0 0 0 0 181 73 0 0 0 0 24 0 0 42 57
 36 0 30 0 0 0 0 0]
[0 0 4 4 2 0 0 0 0 0 0 0 0 0 0 0 0 0 0 0 0 0 180 72 0 0 0 0 24 0 0 42 57
 36 0 30 0 0 0 0 0]
[0 0 4 4 2 0 0 0 0 0 0 0 0 0 0 0 0 0 0 0 0 0 181 73 0 0 0 0 24 0 0 42 57
 36 0 30 0 0 0 0 0]
[0 0 4 4 2 0 0 0 0 0 0 0 0 0 0 0 0 0 0 0 0 0 180 72 0 0 0 0 24 0 0 42 57
 36 0 30 0 0 0 0 0]
[0 0 4 4 108 0 0 0 0 0 0 0 0 0 0 0 0 0 0 0 0 0 181 73 0 0 0 0 24 0 0 42 57
 36 0 30 0 0 0 0 0]
[0 0 4 4 2 0 0 0 0 0 0 0 0 0 0 0 0 0 0 0 0 0 181 73 0 0 0 0 24 0 0 42 57
 36 0 30 0 0 0 0 0]
[0 0 4 4 2 0 0 0 0 0 0 0 0 0 0 0 0 0 0 0 0 0 181 73 0 0 0 0 24 0 0 42 57
 36 0 30 0 0 0 0 0]
[0 0 4 4 108 0 0 0 0 0 0 0 0 0 0 0 0 0 0 0 0 0 181 73 0 0 0 0 24 0 0 42 57
 36 0 30 0 0 0 0 0]
[0 0 4 4 2 0 0 0 0 0 0 0 0 0 0 0 0 0 0 0 0 0 181 73 0 0 0 0 24 0 0 42 57
 36 0 30 0 0 0 0 0]
[0 0 4 4 2 0 0 0 0 0 0 0 0 0 0 0 0 0 0 0 0 0 181 73 0 0 0 0 24 0 0 42 57
 36 0 30 0 0 0 0 0]
[0 0 4 4 108 0 0 0 0 0 0 0 0 0 0 0 0 0 0 0 0 0 181 73 0 0 0 0 24 0 0 42 57
 36 0 30 0 0 0 0 0]
[0 0 4 4 2 0 0 0 0 0 0 0 0 0 0 0 0 0 0 0 0 0 180 72 0 0 0 0 24 0 0 42 57
 36 0 30 0 0 0 0 0]
[0 0 4 4 2 0 0 0 0 0 0 0 0 0 0 0 0 0 0 0 0 0 181 73 0 0 0 0 24 0 0 42 57
 36 0 30 0 0 0 0 0]
[0 0 4 4 2 0 0 0 0 0 0 0 0 0 0 0 0 0 0 0 0 0 181 73 0 0 0 0 24 0 0 42 57
 36 0 30 0 0 0 0 0]
[0 0 4 4 2 0 0 0 0 0 0 0 0 0 0 0 0 0 0 0 0 0 178 70 0 0 0 0 24 0 0 42 57
 36 0 30 0 0 0 0 0]
[0 0 4 4 2 0 0 0 0 0 0 0 0 0 0 0 0 0 0 0 0 0 181 73 0 0 0 0 24 0 0 42 57
 36 0 30 0 0 0 0 0]
[0 0 4 4 2 0 0 0 0 0 0 0 0 0 0 0 0 0 0 0 0 0 180 72 0 0 0 0 24 0 0 42 57
 36 0 30 0 0 0 0 0]
[0 0 4 4 108 0 0 0 0 0 0 0 0 0 0 0 0 0 0 0 0 0 170 63 0 0 0 0 24 0 0 42 57
 36 0 30 0 0 0 0 0]
[0 0 4 4 2 0 0 0 0 0 0 0 0 0 0 0 0 0 0 0 0 0 181 73 0 0 0 0 24 0 0 42 57
 36 0 30 0 0 0 0 0]
[0 0 4 4 2 0 0 0 0 0 0 0 0 0 0 0 0 0 0 0 0 0 181 73 0 0 0 0 24 0 0 42 57
 36 0 30 0 0 0 0 0]
[0 0 4 4 2 0 0 0 0 0 0 0 0 0 0 0 0 0 0 0 0 0 181 73 0 0 0 0 24 0 0 42 57
 36 0 30 0 0 0 0 0]
[0 0 4 4 2 0 0 0 0 0 0 0 0 0 0 0 0 0 0 0 0 0 181 73 0 0 0 0 24 0 0 42 57
 36 0 30 0 0 0 0 0]
[0 0 4 4 108 0 0 0 0 0 0 0 0 0 0 0 0 0 0 0 0 0 181 73 0 0 0 0 24 0 0 42 57
 36 0 30 0 0 0 0 0]
[0 0 4 4 2 0 0 0 0 0 0 0 0 0 0 0 0 0 0 0 0 0 180 72 0 0 0 0 24 0 0 42 57
 36 0 30 0 0 0 0 0]
[0 0 4 4 2 0 0 0 0 0 0 0 0 0 0 0 0 0 0 0 0 0 181 73 0 0 0 0 24 0 0 42 57
 36 0 30 0 0 0 0 0]
[0 0 4 4 2 0 0 0 0 0 0 0 0 0 0 0 0 0 0 0 0 0 181 73 0 0 0 0 24 0 0 42 57
 36 0 30 0 0 0 0 0]
[0 0 4 4 108 0 0 0 0 0 0 0 0 0 0 0 0 0 0 0 0 0 181 73 0 0 0 0 24 0 0 42 57
 36 0 30 0 0 0 0 0]
[0 0 4 4 2 0 0 0 0 0 0 0 0 0 0 0 0 0 0 0 0 0 181 73 0 0 0 0 24 0 0 42 57
 36 0 30 0 0 0 0 0]
[0 0 4 4 2 0 0 0 0 0 0 0 0 0 0 0 0 0 0 0 0 0 181 73 0 0 0 0 24 0 0 42 57
 36 0 30 0 0 0 0 0]
[0 0 4 4 2 0 0 0 0 0 0 0 0 0 0 0 0 0 0 0 0 0 179 71 0 0 0 0 24 0 0 42 57
 36 0 30 0 0 0 0 0]
[0 0 4 4 2 0 0 0 0 0 0 0 0 0 0 0 0 0 0 0 0 0 181 73 0 0 0 0 24 0 0 42 57
 36 0 30 0 0 0 0 0]
[0 0 4 4 2 0 0 0 0 0 0 0 0 0 0 0 0 0 0 0 0 0 181 73 0 0 0 0 24 0 0 42 57
 36 0 30 0 0 0 0 0]
[0 0 4 4 108 0 0 0 0 0 0 0 0 0 0 0 0 0 0 0 0 0 181 73 0 0 0 0 24 0 0 42 57
 36 0 30 0 0 0 0 0]
[0 0 4 4 2 0 0 0 0 0 0 0 0 0 0 0 0 0 0 0 0 0 181 73 0 0 0 0 24 0 0 42 57
 36 0 30 0 0 0 0 0]
[0 0 4 4 2 0 0 0 0 0 0 0 0 0 0 0 0 0 0 0 0 0 180 72 0 0 0 0 24 0 0 42 57
 36 0 30 0 0 0 0 0]
[0 0 4 4 2 0 0 0 0 0 0 0 0 0 0 0 0 0 0 0 0 0 181 73 0 0 0 0 24 0 0 42 57
 36 0 30 0 0 0 0 0]
[0 0 4 4 2 0 0 0 0 0 0 0 0 0 0 0 0 0 0 0 0 0 181 73 0 0 0 0 24 0 0 42 57
 36 0 30 0 0 0 0 0]
[0 0 4 4 2 0 0 0 0 0 0 0 0 0 0 0 0 0 0 0 0 0 181 73 0 0 0 0 24 0 0 42 57
 36 0 30 0 0 0 0 0]
[0 0 4 4 2 0 0 0 0 0 0 0 0 0 0 0 0 0 0 0 0 0 181 73 0 0 0 0 24 0 0 42 57
 36 0 30 0 0 0 0 0]
[0 0 4 4 2 0 0 0 0 0 0 0 0 0 0 0 0 0 0 0 0 0 181 73 0 0 0 0 24 0 0 42 57
 36 0 30 0 0 0 0 0]
[0 0 4 4 2 0 0 0 0 0 0 0 0 0 0 0 0 0 0 0 0 0 181 73 0 0 0 0 24 0 0 42 57
 36 0 30 0 0 0 0 0]
[0 0 4 4 2 0 0 0 0 0 0 0 0 0 0 0 0 0 0 0 0 0 181 73 0 0 0 0 24 0 0 42 57
 36 0 30 0 0 0 0 0]
[0 0 4 4 2 0 0 0 0 0 0 0 0 0 0 0 0 0 0 0 0 0 181 73 0 0 0 0 24 0 0 42 57
 36 0 30 0 0 0 0 0]
[0 0 4 4 2 0 0 0 0 0 0 0 0 0 0 0 0 0 0 0 0 0 181 73 0 0 0 0 24 0 0 42 57
 36 0 30 0 0 0 0 0]
[0 0 4 4 2 0 0 0 0 0 0 0 0 0 0 0 0 0 0 0 0 0 180 72 0 0 0 0 24 0 0 42 57
 36 0 30 0 0 0 0 0]
[0 0 4 4 2 0 0 0 0 0 0 0 0 0 0 0 0 0 0 0 0 0 180 72 0 0 0 0 24 0 0 42 57
 36 0 30 0 0 0 0 0]
[0 0 4 4 108 0 0 0 0 0 0 0 0 0 0 0 0 0 0 0 0 0 164 57 0 0 0 0 24 0 0 42 57
 36 0 30 0 0 0 0 0]
[0 0 4 4 2 0 0 0 0 0 0 0 0 0 0 0 0 0 0 0 0 0 181 73 0 0 0 0 24 0 0 42 57
 36 0 30 0 0 0 0 0]
[0 0 4 4 2 0 0 0 0 0 0 0 0 0 0 0 0 0 0 0 0 0 181 73 0 0 0 0 24 0 0 42 57
 36 0 30 0 0 0 0 0]
[0 0 4 4 2 0 0 0 0 0 0 0 0 0 0 0 0 0 0 0 0 0 181 73 0 0 0 0 24 0 0 42 57
 36 0 30 0 0 0 0 0]
[0 0 4 4 108 0 0 0 0 0 0 0 0 0 0 0 0 0 0 0 0 0 170 63 0 0 0 0 24 0 0 42 57
 36 0 30 0 0 0 0 0]
[0 0 4 4 108 0 0 0 0 0 0 0 0 0 0 0 0 0 0 0 0 0 145 36 0 0 0 0 24 0 0 42 57
 36 0 30 0 0 0 0 0]
[0 0 4 4 2 0 0 0 0 0 0 0 0 0 0 0 0 0 0 0 0 0 181 73 0 0 0 0 24 0 0 42 57
 36 0 30 0 0 0 0 0]
[0 0 4 4 2 0 0 0 0 0 0 0 0 0 0 0 0 0 0 0 0 0 180 72 0 0 0 0 24 0 0 42 57
 36 0 30 0 0 0 0 0]
[0 0 4 4 2 0 0 0 0 0 0 0 0 0 0 0 0 0 0 0 0 0 181 73 0 0 0 0 24 0 0 42 57
 36 0 30 0 0 0 0 0]
[0 0 4 4 2 0 0 0 0 0 0 0 0 0 0 0 0 0 0 0 0 0 181 73 0 0 0 0 24 0 0 42 57
 36 0 30 0 0 0 0 0]
[0 0 4 4 108 0 0 0 0 0 0 0 0 0 0 0 0 0 0 0 0 0 181 73 0 0 0 0 24 0 0 42 57
 36 0 30 0 0 0 0 0]
[0 0 4 4 2 0 0 0 0 0 0 0 0 0 0 0 0 0 0 0 0 0 179 71 0 0 0 0 24 0 0 42 57
 36 0 30 0 0 0 0 0]
[0 0 4 4 2 0 0 0 0 0 0 0 0 0 0 0 0 0 0 0 0 0 181 73 0 0 0 0 24 0 0 42 57
 36 0 30 0 0 0 0 0]
[0 0 4 4 2 0 0 0 0 0 0 0 0 0 0 0 0 0 0 0 0 0 181 73 0 0 0 0 24 0 0 42 57
 36 0 30 0 0 0 0 0]
[0 0 4 4 2 0 0 0 0 0 0 0 0 0 0 0 0 0 0 0 0 0 181 73 0 0 0 0 24 0 0 42 57
 36 0 30 0 0 0 0 0]
[0 0 4 4 2 0 0 0 0 0 0 0 0 0 0 0 0 0 0 0 0 0 181 73 0 0 0 0 24 0 0 42 57
 36 0 30 0 0 0 0 0]
[0 0 4 4 2 0 0 0 0 0 0 0 0 0 0 0 0 0 0 0 0 0 181 73 0 0 0 0 24 0 0 42 57
 36 0 30 0 0 0 0 0]
[0 0 4 4 2 0 0 0 0 0 0 0 0 0 0 0 0 0 0 0 0 0 181 73 0 0 0 0 24 0 0 42 57
 36 0 30 0 0 0 0 0]
[0 0 4 4 2 0 0 0 0 0 0 0 0 0 0 0 0 0 0 0 0 0 180 72 0 0 0 0 24 0 0 42 57
 36 0 30 0 0 0 0 0]
[0 0 4 4 2 0 0 0 0 0 0 0 0 0 0 0 0 0 0 0 0 0 181 73 0 0 0 0 24 0 0 42 57
 36 0 30 0 0 0 0 0]
[0 0 4 4 2 0 0 0 0 0 0 0 0 0 0 0 0 0 0 0 0 0 180 72 0 0 0 0 24 0 0 42 57
 36 0 30 0 0 0 0 0]
[0 0 4 4 2 0 0 0 0 0 0 0 0 0 0 0 0 0 0 0 0 0 180 72 0 0 0 0 24 0 0 42 57
 36 0 30 0 0 0 0 0]
[0 0 4 4 2 0 0 0 0 0 0 0 0 0 0 0 0 0 0 0 0 0 180 72 0 0 0 0 24 0 0 42 57
 36 0 30 0 0 0 0 0]
[0 0 4 4 108 0 0 0 0 0 0 0 0 0 0 0 0 0 0 0 0 0 144 35 0 0 0 0 24 0 0 42 57
 36 0 30 0 0 0 0 0]
[0 0 4 4 2 0 0 0 0 0 0 0 0 0 0 0 0 0 0 0 0 0 181 73 0 0 0 0 24 0 0 42 57
 36 0 30 0 0 0 0 0]
[0 0 4 4 2 0 0 0 0 0 0 0 0 0 0 0 0 0 0 0 0 0 181 73 0 0 0 0 24 0 0 42 57
 36 0 30 0 0 0 0 0]
[0 0 4 4 2 0 0 0 0 0 0 0 0 0 0 0 0 0 0 0 0 0 181 73 0 0 0 0 24 0 0 42 57
 36 0 30 0 0 0 0 0]
[0 0 4 4 108 0 0 0 0 0 0 0 0 0 0 0 0 0 0 0 0 0 153 45 0 0 0 0 24 0 0 42 57
 36 0 30 0 0 0 0 0]
[0 0 4 4 2 0 0 0 0 0 0 0 0 0 0 0 0 0 0 0 0 0 181 73 0 0 0 0 24 0 0 42 57
 36 0 30 0 0 0 0 0]
[0 0 4 4 2 0 0 0 0 0 0 0 0 0 0 0 0 0 0 0 0 0 181 73 0 0 0 0 24 0 0 42 57
 36 0 30 0 0 0 0 0]
[0 0 4 4 108 0 0 0 0 0 0 0 0 0 0 0 0 0 0 0 0 0 181 73 0 0 0 0 24 0 0 42 57
 36 0 30 0 0 0 0 0]
[0 0 4 4 108 0 0 0 0 0 0 0 0 0 0 0 0 0 0 0 0 0 139 30 0 0 0 0 24 0 0 42 57
 36 0 30 0 0 0 0 0]
[0 0 4 4 2 0 0 0 0 0 0 0 0 0 0 0 0 0 0 0 0 0 181 73 0 0 0 0 24 0 0 42 57
 36 0 30 0 0 0 0 0]
[0 0 4 4 108 0 0 0 0 0 0 0 0 0 0 0 0 0 0 0 0 0 142 33 0 0 0 0 24 0 0 42 57
 36 0 30 0 0 0 0 0]
[0 0 4 4 2 0 0 0 0 0 0 0 0 0 0 0 0 0 0 0 0 0 181 73 0 0 0 0 24 0 0 42 57
 36 0 30 0 0 0 0 0]
[0 0 4 4 2 0 0 0 0 0 0 0 0 0 0 0 0 0 0 0 0 0 181 73 0 0 0 0 24 0 0 42 57
 36 0 30 0 0 0 0 0]
[0 0 4 4 2 0 0 0 0 0 0 0 0 0 0 0 0 0 0 0 0 0 181 73 0 0 0 0 24 0 0 42 57
 36 0 30 0 0 0 0 0]
[0 0 4 4 2 0 0 0 0 0 0 0 0 0 0 0 0 0 0 0 0 0 181 73 0 0 0 0 24 0 0 42 57
 36 0 30 0 0 0 0 0]
[0 0 4 4 108 0 0 0 0 0 0 0 0 0 0 0 0 0 0 0 0 0 150 42 0 0 0 0 24 0 0 42 57
 36 0 30 0 0 0 0 0]
[0 0 4 4 2 0 0 0 0 0 0 0 0 0 0 0 0 0 0 0 0 0 181 73 0 0 0 0 24 0 0 42 57
 36 0 30 0 0 0 0 0]
[0 0 4 4 2 0 0 0 0 0 0 0 0 0 0 0 0 0 0 0 0 0 181 73 0 0 0 0 24 0 0 42 57
 36 0 30 0 0 0 0 0]
[0 0 4 4 2 0 0 0 0 0 0 0 0 0 0 0 0 0 0 0 0 0 181 73 0 0 0 0 24 0 0 42 57
 36 0 30 0 0 0 0 0]
[0 0 4 4 2 0 0 0 0 0 0 0 0 0 0 0 0 0 0 0 0 0 181 73 0 0 0 0 24 0 0 42 57
 36 0 30 0 0 0 0 0]
[0 0 4 4 2 0 0 0 0 0 0 0 0 0 0 0 0 0 0 0 0 0 180 72 0 0 0 0 24 0 0 42 57
 36 0 30 0 0 0 0 0]
[0 0 4 4 2 0 0 0 0 0 0 0 0 0 0 0 0 0 0 0 0 0 181 73 0 0 0 0 24 0 0 42 57
 36 0 30 0 0 0 0 0]
[0 0 4 4 2 0 0 0 0 0 0 0 0 0 0 0 0 0 0 0 0 0 181 73 0 0 0 0 24 0 0 42 57
 36 0 30 0 0 0 0 0]
[0 0 4 4 2 0 0 0 0 0 0 0 0 0 0 0 0 0 0 0 0 0 181 73 0 0 0 0 24 0 0 42 57
 36 0 30 0 0 0 0 0]
[0 0 4 4 2 0 0 0 0 0 0 0 0 0 0 0 0 0 0 0 0 0 181 73 0 0 0 0 24 0 0 42 57
 36 0 30 0 0 0 0 0]
[0 0 4 4 2 0 0 0 0 0 0 0 0 0 0 0 0 0 0 0 0 0 181 73 0 0 0 0 24 0 0 42 57
 36 0 30 0 0 0 0 0]
[0 0 4 4 2 0 0 0 0 0 0 0 0 0 0 0 0 0 0 0 0 0 181 73 0 0 0 0 24 0 0 42 57
 36 0 30 0 0 0 0 0]
[0 0 4 4 2 0 0 0 0 0 0 0 0 0 0 0 0 0 0 0 0 0 181 73 0 0 0 0 24 0 0 42 57
 36 0 30 0 0 0 0 0]
[0 0 4 4 2 0 0 0 0 0 0 0 0 0 0 0 0 0 0 0 0 0 178 70 0 0 0 0 24 0 0 42 57
 36 0 30 0 0 0 0 0]
[0 0 4 4 2 0 0 0 0 0 0 0 0 0 0 0 0 0 0 0 0 0 181 73 0 0 0 0 24 0 0 42 57
 36 0 30 0 0 0 0 0]
[0 0 4 4 2 0 0 0 0 0 0 0 0 0 0 0 0 0 0 0 0 0 181 73 0 0 0 0 24 0 0 42 57
 36 0 30 0 0 0 0 0]
[0 0 4 4 2 0 0 0 0 0 0 0 0 0 0 0 0 0 0 0 0 0 181 73 0 0 0 0 24 0 0 42 57
 36 0 30 0 0 0 0 0]
[0 0 4 4 2 0 0 0 0 0 0 0 0 0 0 0 0 0 0 0 0 0 181 73 0 0 0 0 24 0 0 42 57
 36 0 30 0 0 0 0 0]
[0 0 4 4 108 0 0 0 0 0 0 0 0 0 0 0 0 0 0 0 0 0 166 59 0 0 0 0 24 0 0 42 57
 36 0 30 0 0 0 0 0]
[0 0 4 4 2 0 0 0 0 0 0 0 0 0 0 0 0 0 0 0 0 0 181 73 0 0 0 0 24 0 0 42 57
 36 0 30 0 0 0 0 0]
[0 0 4 4 2 0 0 0 0 0 0 0 0 0 0 0 0 0 0 0 0 0 181 73 0 0 0 0 24 0 0 42 57
 36 0 30 0 0 0 0 0]
[0 0 4 4 2 0 0 0 0 0 0 0 0 0 0 0 0 0 0 0 0 0 181 73 0 0 0 0 24 0 0 42 57
 36 0 30 0 0 0 0 0]
[0 0 4 4 2 0 0 0 0 0 0 0 0 0 0 0 0 0 0 0 0 0 181 73 0 0 0 0 24 0 0 42 57
 36 0 30 0 0 0 0 0]
[0 0 4 4 2 0 0 0 0 0 0 0 0 0 0 0 0 0 0 0 0 0 181 73 0 0 0 0 24 0 0 42 57
 36 0 30 0 0 0 0 0]
[0 0 4 4 2 0 0 0 0 0 0 0 0 0 0 0 0 0 0 0 0 0 181 73 0 0 0 0 24 0 0 42 57
 36 0 30 0 0 0 0 0]
[0 0 4 4 2 0 0 0 0 0 0 0 0 0 0 0 0 0 0 0 0 0 181 73 0 0 0 0 24 0 0 42 57
 36 0 30 0 0 0 0 0]
[0 0 4 4 2 0 0 0 0 0 0 0 0 0 0 0 0 0 0 0 0 0 181 73 0 0 0 0 24 0 0 42 57
 36 0 30 0 0 0 0 0]
[0 0 4 4 2 0 0 0 0 0 0 0 0 0 0 0 0 0 0 0 0 0 181 73 0 0 0 0 24 0 0 42 57
 36 0 30 0 0 0 0 0]
[0 0 4 4 2 0 0 0 0 0 0 0 0 0 0 0 0 0 0 0 0 0 181 73 0 0 0 0 24 0 0 42 57
 36 0 30 0 0 0 0 0]
[0 0 4 4 108 0 0 0 0 0 0 0 0 0 0 0 0 0 0 0 0 0 174 67 0 0 0 0 24 0 0 42 57
 36 0 30 0 0 0 0 0]
[0 0 4 4 2 0 0 0 0 0 0 0 0 0 0 0 0 0 0 0 0 0 181 73 0 0 0 0 24 0 0 42 57
 36 0 30 0 0 0 0 0]
[0 0 4 4 2 0 0 0 0 0 0 0 0 0 0 0 0 0 0 0 0 0 181 73 0 0 0 0 24 0 0 42 57
 36 0 30 0 0 0 0 0]
[0 0 4 4 108 0 0 0 0 0 0 0 0 0 0 0 0 0 0 0 0 0 181 73 0 0 0 0 24 0 0 42 57
 36 0 30 0 0 0 0 0]
[0 0 4 4 108 0 0 0 0 0 0 0 0 0 0 0 0 0 0 0 0 0 181 73 0 0 0 0 24 0 0 42 57
 36 0 30 0 0 0 0 0]
[0 0 4 4 2 0 0 0 0 0 0 0 0 0 0 0 0 0 0 0 0 0 180 72 0 0 0 0 24 0 0 42 57
 36 0 30 0 0 0 0 0]
[0 0 4 4 108 0 0 0 0 0 0 0 0 0 0 0 0 0 0 0 0 0 181 73 0 0 0 0 24 0 0 42 57
 36 0 30 0 0 0 0 0]
[0 0 4 4 2 0 0 0 0 0 0 0 0 0 0 0 0 0 0 0 0 0 180 72 0 0 0 0 24 0 0 42 57
 36 0 30 0 0 0 0 0]
[0 0 4 4 2 0 0 0 0 0 0 0 0 0 0 0 0 0 0 0 0 0 181 73 0 0 0 0 24 0 0 42 57
 36 0 30 0 0 0 0 0]
[0 0 4 4 108 0 0 0 0 0 0 0 0 0 0 0 0 0 0 0 0 0 171 64 0 0 0 0 24 0 0 42 57
 36 0 30 0 0 0 0 0]
[0 0 4 4 2 0 0 0 0 0 0 0 0 0 0 0 0 0 0 0 0 0 181 73 0 0 0 0 24 0 0 42 57
 36 0 30 0 0 0 0 0]
[0 0 4 4 2 0 0 0 0 0 0 0 0 0 0 0 0 0 0 0 0 0 181 73 0 0 0 0 24 0 0 42 57
 36 0 30 0 0 0 0 0]
[0 0 4 4 2 0 0 0 0 0 0 0 0 0 0 0 0 0 0 0 0 0 181 73 0 0 0 0 24 0 0 42 57
 36 0 30 0 0 0 0 0]
[0 0 4 4 2 0 0 0 0 0 0 0 0 0 0 0 0 0 0 0 0 0 180 72 0 0 0 0 24 0 0 42 57
 36 0 30 0 0 0 0 0]
[0 0 4 4 2 0 0 0 0 0 0 0 0 0 0 0 0 0 0 0 0 0 181 73 0 0 0 0 24 0 0 42 57
 36 0 30 0 0 0 0 0]
[0 0 4 4 2 0 0 0 0 0 0 0 0 0 0 0 0 0 0 0 0 0 181 73 0 0 0 0 24 0 0 42 57
 36 0 30 0 0 0 0 0]
[0 0 4 4 2 0 0 0 0 0 0 0 0 0 0 0 0 0 0 0 0 0 181 73 0 0 0 0 24 0 0 42 57
 36 0 30 0 0 0 0 0]
[0 0 4 4 108 0 0 0 0 0 0 0 0 0 0 0 0 0 0 0 0 0 181 73 0 0 0 0 24 0 0 42 57
 36 0 30 0 0 0 0 0]
[0 0 4 4 2 0 0 0 0 0 0 0 0 0 0 0 0 0 0 0 0 0 181 73 0 0 0 0 24 0 0 42 57
 36 0 30 0 0 0 0 0]
[0 0 4 4 108 0 0 0 0 0 0 0 0 0 0 0 0 0 0 0 0 0 181 73 0 0 0 0 24 0 0 42 57
 36 0 30 0 0 0 0 0]
[0 0 4 4 2 0 0 0 0 0 0 0 0 0 0 0 0 0 0 0 0 0 179 71 0 0 0 0 24 0 0 42 57
 36 0 30 0 0 0 0 0]
[0 0 4 4 2 0 0 0 0 0 0 0 0 0 0 0 0 0 0 0 0 0 181 73 0 0 0 0 24 0 0 42 57
 36 0 30 0 0 0 0 0]
[0 0 4 4 2 0 0 0 0 0 0 0 0 0 0 0 0 0 0 0 0 0 181 73 0 0 0 0 24 0 0 42 57
 36 0 30 0 0 0 0 0]
[0 0 4 4 2 0 0 0 0 0 0 0 0 0 0 0 0 0 0 0 0 0 181 73 0 0 0 0 24 0 0 42 57
 36 0 30 0 0 0 0 0]
[0 0 4 4 2 0 0 0 0 0 0 0 0 0 0 0 0 0 0 0 0 0 181 73 0 0 0 0 24 0 0 42 57
 36 0 30 0 0 0 0 0]
[0 0 4 4 2 0 0 0 0 0 0 0 0 0 0 0 0 0 0 0 0 0 181 73 0 0 0 0 24 0 0 42 57
 36 0 30 0 0 0 0 0]
[0 0 4 4 2 0 0 0 0 0 0 0 0 0 0 0 0 0 0 0 0 0 181 73 0 0 0 0 24 0 0 42 57
 36 0 30 0 0 0 0 0]
[0 0 4 4 108 0 0 0 0 0 0 0 0 0 0 0 0 0 0 0 0 0 181 73 0 0 0 0 24 0 0 42 57
 36 0 30 0 0 0 0 0]
[0 0 4 4 2 0 0 0 0 0 0 0 0 0 0 0 0 0 0 0 0 0 181 73 0 0 0 0 24 0 0 42 57
 36 0 30 0 0 0 0 0]
[0 0 4 4 2 0 0 0 0 0 0 0 0 0 0 0 0 0 0 0 0 0 181 73 0 0 0 0 24 0 0 42 57
 36 0 30 0 0 0 0 0]
[0 0 4 4 2 0 0 0 0 0 0 0 0 0 0 0 0 0 0 0 0 0 180 72 0 0 0 0 24 0 0 42 57
 36 0 30 0 0 0 0 0]
[0 0 4 4 2 0 0 0 0 0 0 0 0 0 0 0 0 0 0 0 0 0 181 73 0 0 0 0 24 0 0 42 57
 36 0 30 0 0 0 0 0]
[0 0 4 4 2 0 0 0 0 0 0 0 0 0 0 0 0 0 0 0 0 0 181 73 0 0 0 0 24 0 0 42 57
 36 0 30 0 0 0 0 0]
[0 0 4 4 108 0 0 0 0 0 0 0 0 0 0 0 0 0 0 0 0 0 181 73 0 0 0 0 24 0 0 42 57
 36 0 30 0 0 0 0 0]
[0 0 4 4 2 0 0 0 0 0 0 0 0 0 0 0 0 0 0 0 0 0 181 73 0 0 0 0 24 0 0 42 57
 36 0 30 0 0 0 0 0]
[0 0 4 4 108 0 0 0 0 0 0 0 0 0 0 0 0 0 0 0 0 0 181 73 0 0 0 0 24 0 0 42 57
 36 0 30 0 0 0 0 0]
[0 0 4 4 2 0 0 0 0 0 0 0 0 0 0 0 0 0 0 0 0 0 180 72 0 0 0 0 24 0 0 42 57
 36 0 30 0 0 0 0 0]
[0 0 4 4 2 0 0 0 0 0 0 0 0 0 0 0 0 0 0 0 0 0 180 72 0 0 0 0 24 0 0 42 57
 36 0 30 0 0 0 0 0]
[0 0 4 4 2 0 0 0 0 0 0 0 0 0 0 0 0 0 0 0 0 0 180 72 0 0 0 0 24 0 0 42 57
 36 0 30 0 0 0 0 0]
[0 0 4 4 108 0 0 0 0 0 0 0 0 0 0 0 0 0 0 0 0 0 154 46 0 0 0 0 24 0 0 42 57
 36 0 30 0 0 0 0 0]
[0 0 4 4 108 0 0 0 0 0 0 0 0 0 0 0 0 0 0 0 0 0 160 53 0 0 0 0 24 0 0 42 57
 36 0 30 0 0 0 0 0]
[0 0 4 4 2 0 0 0 0 0 0 0 0 0 0 0 0 0 0 0 0 0 181 73 0 0 0 0 24 0 0 42 57
 36 0 30 0 0 0 0 0]
[0 0 4 4 2 0 0 0 0 0 0 0 0 0 0 0 0 0 0 0 0 0 181 73 0 0 0 0 24 0 0 42 57
 36 0 30 0 0 0 0 0]
[0 0 4 4 2 0 0 0 0 0 0 0 0 0 0 0 0 0 0 0 0 0 181 73 0 0 0 0 24 0 0 42 57
 36 0 30 0 0 0 0 0]
[0 0 4 4 108 0 0 0 0 0 0 0 0 0 0 0 0 0 0 0 0 0 149 41 0 0 0 0 24 0 0 42 57
 36 0 30 0 0 0 0 0]
[0 0 4 4 2 0 0 0 0 0 0 0 0 0 0 0 0 0 0 0 0 0 181 73 0 0 0 0 24 0 0 42 57
 36 0 30 0 0 0 0 0]
[0 0 4 4 2 0 0 0 0 0 0 0 0 0 0 0 0 0 0 0 0 0 180 72 0 0 0 0 24 0 0 42 57
 36 0 30 0 0 0 0 0]
[0 0 4 4 108 0 0 0 0 0 0 0 0 0 0 0 0 0 0 0 0 0 163 56 0 0 0 0 24 0 0 42 57
 36 0 30 0 0 0 0 0]
[0 0 4 4 2 0 0 0 0 0 0 0 0 0 0 0 0 0 0 0 0 0 180 72 0 0 0 0 24 0 0 42 57
 36 0 30 0 0 0 0 0]
[0 0 4 4 2 0 0 0 0 0 0 0 0 0 0 0 0 0 0 0 0 0 181 73 0 0 0 0 24 0 0 42 57
 36 0 30 0 0 0 0 0]
[0 0 4 4 108 0 0 0 0 0 0 0 0 0 0 0 0 0 0 0 0 0 162 55 0 0 0 0 24 0 0 42 57
 36 0 30 0 0 0 0 0]
[0 0 4 4 2 0 0 0 0 0 0 0 0 0 0 0 0 0 0 0 0 0 181 73 0 0 0 0 24 0 0 42 57
 36 0 30 0 0 0 0 0]
[0 0 4 4 2 0 0 0 0 0 0 0 0 0 0 0 0 0 0 0 0 0 181 73 0 0 0 0 24 0 0 42 57
 36 0 30 0 0 0 0 0]
[0 0 4 4 2 0 0 0 0 0 0 0 0 0 0 0 0 0 0 0 0 0 181 72 0 0 0 0 24 0 0 42 57
 36 0 30 0 0 0 0 0]
[0 0 4 4 2 0 0 0 0 0 0 0 0 0 0 0 0 0 0 0 0 0 181 73 0 0 0 0 24 0 0 42 57
 36 0 30 0 0 0 0 0]
[0 0 4 4 108 0 0 0 0 0 0 0 0 0 0 0 0 0 0 0 0 0 165 58 0 0 0 0 24 0 0 42 57
 36 0 30 0 0 0 0 0]
[0 0 4 4 108 0 0 0 0 0 0 0 0 0 0 0 0 0 0 0 0 0 157 50 0 0 0 0 24 0 0 42 57
 36 0 30 0 0 0 0 0]
[0 0 4 4 2 0 0 0 0 0 0 0 0 0 0 0 0 0 0 0 0 0 181 73 0 0 0 0 24 0 0 42 57
 36 0 30 0 0 0 0 0]
[0 0 4 4 2 0 0 0 0 0 0 0 0 0 0 0 0 0 0 0 0 0 181 73 0 0 0 0 24 0 0 42 57
 36 0 30 0 0 0 0 0]
[0 0 4 4 108 0 0 0 0 0 0 0 0 0 0 0 0 0 0 0 0 0 147 39 0 0 0 0 24 0 0 42 57
 36 0 30 0 0 0 0 0]
[0 0 4 4 2 0 0 0 0 0 0 0 0 0 0 0 0 0 0 0 0 0 179 71 0 0 0 0 24 0 0 42 57
 36 0 30 0 0 0 0 0]
[0 0 4 4 2 0 0 0 0 0 0 0 0 0 0 0 0 0 0 0 0 0 180 72 0 0 0 0 24 0 0 42 57
 36 0 30 0 0 0 0 0]
[0 0 4 4 2 0 0 0 0 0 0 0 0 0 0 0 0 0 0 0 0 0 181 73 0 0 0 0 24 0 0 42 57
 36 0 30 0 0 0 0 0]
[0 0 4 4 2 0 0 0 0 0 0 0 0 0 0 0 0 0 0 0 0 0 181 73 0 0 0 0 24 0 0 42 57
 36 0 30 0 0 0 0 0]
[0 0 4 4 2 0 0 0 0 0 0 0 0 0 0 0 0 0 0 0 0 0 181 73 0 0 0 0 24 0 0 42 57
 36 0 30 0 0 0 0 0]
[0 0 4 4 2 0 0 0 0 0 0 0 0 0 0 0 0 0 0 0 0 0 181 73 0 0 0 0 24 0 0 42 57
 36 0 30 0 0 0 0 0]
[0 0 4 4 2 0 0 0 0 0 0 0 0 0 0 0 0 0 0 0 0 0 181 73 0 0 0 0 24 0 0 42 57
 36 0 30 0 0 0 0 0]
[0 0 4 4 2 0 0 0 0 0 0 0 0 0 0 0 0 0 0 0 0 0 180 72 0 0 0 0 24 0 0 42 57
 36 0 30 0 0 0 0 0]
[0 0 4 4 108 0 0 0 0 0 0 0 0 0 0 0 0 0 0 0 0 0 181 73 0 0 0 0 24 0 0 42 57
 36 0 30 0 0 0 0 0]
[0 0 4 4 2 0 0 0 0 0 0 0 0 0 0 0 0 0 0 0 0 0 181 73 0 0 0 0 24 0 0 42 57
 36 0 30 0 0 0 0 0]
[0 0 4 4 2 0 0 0 0 0 0 0 0 0 0 0 0 0 0 0 0 0 181 73 0 0 0 0 24 0 0 42 57
 36 0 30 0 0 0 0 0]
[0 0 4 4 2 0 0 0 0 0 0 0 0 0 0 0 0 0 0 0 0 0 181 73 0 0 0 0 24 0 0 42 57
 36 0 30 0 0 0 0 0]
[0 0 4 4 2 0 0 0 0 0 0 0 0 0 0 0 0 0 0 0 0 0 180 72 0 0 0 0 24 0 0 42 57
 36 0 30 0 0 0 0 0]
[0 0 4 4 2 0 0 0 0 0 0 0 0 0 0 0 0 0 0 0 0 0 181 73 0 0 0 0 24 0 0 42 57
 36 0 30 0 0 0 0 0]
[0 0 4 4 2 0 0 0 0 0 0 0 0 0 0 0 0 0 0 0 0 0 181 73 0 0 0 0 24 0 0 42 57
 36 0 30 0 0 0 0 0]
[0 0 4 4 2 0 0 0 0 0 0 0 0 0 0 0 0 0 0 0 0 0 181 73 0 0 0 0 24 0 0 42 57
 36 0 30 0 0 0 0 0]
[0 0 4 4 2 0 0 0 0 0 0 0 0 0 0 0 0 0 0 0 0 0 181 73 0 0 0 0 24 0 0 42 57
 36 0 30 0 0 0 0 0]
[0 0 4 4 2 0 0 0 0 0 0 0 0 0 0 0 0 0 0 0 0 0 181 73 0 0 0 0 24 0 0 42 57
 36 0 30 0 0 0 0 0]
[0 0 4 4 2 0 0 0 0 0 0 0 0 0 0 0 0 0 0 0 0 0 181 73 0 0 0 0 24 0 0 42 57
 36 0 30 0 0 0 0 0]
[0 0 4 4 2 0 0 0 0 0 0 0 0 0 0 0 0 0 0 0 0 0 181 73 0 0 0 0 24 0 0 42 57
 36 0 30 0 0 0 0 0]
[0 0 4 4 2 0 0 0 0 0 0 0 0 0 0 0 0 0 0 0 0 0 181 73 0 0 0 0 24 0 0 42 57
 36 0 30 0 0 0 0 0]
[0 0 4 4 2 0 0 0 0 0 0 0 0 0 0 0 0 0 0 0 0 0 180 72 0 0 0 0 24 0 0 42 57
 36 0 30 0 0 0 0 0]
[0 0 4 4 2 0 0 0 0 0 0 0 0 0 0 0 0 0 0 0 0 0 181 73 0 0 0 0 24 0 0 42 57
 36 0 30 0 0 0 0 0]
[0 0 4 4 2 0 0 0 0 0 0 0 0 0 0 0 0 0 0 0 0 0 181 73 0 0 0 0 24 0 0 42 57
 36 0 30 0 0 0 0 0]
[0 0 4 4 2 0 0 0 0 0 0 0 0 0 0 0 0 0 0 0 0 0 181 73 0 0 0 0 24 0 0 42 57
 36 0 30 0 0 0 0 0]
[0 0 4 4 2 0 0 0 0 0 0 0 0 0 0 0 0 0 0 0 0 0 181 73 0 0 0 0 24 0 0 42 57
 36 0 30 0 0 0 0 0]
[0 0 4 4 108 0 0 0 0 0 0 0 0 0 0 0 0 0 0 0 0 0 175 68 0 0 0 0 24 0 0 42 57
 36 0 30 0 0 0 0 0]
[0 0 4 4 2 0 0 0 0 0 0 0 0 0 0 0 0 0 0 0 0 0 181 73 0 0 0 0 24 0 0 42 57
 36 0 30 0 0 0 0 0]
[0 0 4 4 2 0 0 0 0 0 0 0 0 0 0 0 0 0 0 0 0 0 181 73 0 0 0 0 24 0 0 42 57
 36 0 30 0 0 0 0 0]
[0 0 4 4 2 0 0 0 0 0 0 0 0 0 0 0 0 0 0 0 0 0 181 73 0 0 0 0 24 0 0 42 57
 36 0 30 0 0 0 0 0]
[0 0 4 4 2 0 0 0 0 0 0 0 0 0 0 0 0 0 0 0 0 0 181 73 0 0 0 0 24 0 0 42 57
 36 0 30 0 0 0 0 0]
[0 0 4 4 2 0 0 0 0 0 0 0 0 0 0 0 0 0 0 0 0 0 181 73 0 0 0 0 24 0 0 42 57
 36 0 30 0 0 0 0 0]
[0 0 4 4 2 0 0 0 0 0 0 0 0 0 0 0 0 0 0 0 0 0 181 73 0 0 0 0 24 0 0 42 57
 36 0 30 0 0 0 0 0]
[0 0 4 4 2 0 0 0 0 0 0 0 0 0 0 0 0 0 0 0 0 0 181 73 0 0 0 0 24 0 0 42 57
 36 0 30 0 0 0 0 0]
[0 0 4 4 2 0 0 0 0 0 0 0 0 0 0 0 0 0 0 0 0 0 181 73 0 0 0 0 24 0 0 42 57
 36 0 30 0 0 0 0 0]
[0 0 4 4 2 0 0 0 0 0 0 0 0 0 0 0 0 0 0 0 0 0 181 73 0 0 0 0 24 0 0 42 57
 36 0 30 0 0 0 0 0]
[0 0 4 4 2 0 0 0 0 0 0 0 0 0 0 0 0 0 0 0 0 0 181 73 0 0 0 0 24 0 0 42 57
 36 0 30 0 0 0 0 0]
[0 0 4 4 2 0 0 0 0 0 0 0 0 0 0 0 0 0 0 0 0 0 181 73 0 0 0 0 24 0 0 42 57
 36 0 30 0 0 0 0 0]
[0 0 4 4 2 0 0 0 0 0 0 0 0 0 0 0 0 0 0 0 0 0 181 73 0 0 0 0 24 0 0 42 57
 36 0 30 0 0 0 0 0]
[0 0 4 4 2 0 0 0 0 0 0 0 0 0 0 0 0 0 0 0 0 0 179 71 0 0 0 0 24 0 0 42 57
 36 0 30 0 0 0 0 0]
[0 0 4 4 2 0 0 0 0 0 0 0 0 0 0 0 0 0 0 0 0 0 181 73 0 0 0 0 24 0 0 42 57
 36 0 30 0 0 0 0 0]
[0 0 4 4 108 0 0 0 0 0 0 0 0 0 0 0 0 0 0 0 0 0 181 73 0 0 0 0 24 0 0 42 57
 36 0 30 0 0 0 0 0]
[0 0 4 4 2 0 0 0 0 0 0 0 0 0 0 0 0 0 0 0 0 0 181 73 0 0 0 0 24 0 0 42 57
 36 0 30 0 0 0 0 0]
[0 0 4 4 108 0 0 0 0 0 0 0 0 0 0 0 0 0 0 0 0 0 181 73 0 0 0 0 24 0 0 42 57
 36 0 30 0 0 0 0 0]
[0 0 4 4 2 0 0 0 0 0 0 0 0 0 0 0 0 0 0 0 0 0 181 73 0 0 0 0 24 0 0 42 57
 36 0 30 0 0 0 0 0]
[0 0 4 4 2 0 0 0 0 0 0 0 0 0 0 0 0 0 0 0 0 0 181 73 0 0 0 0 24 0 0 42 57
 36 0 30 0 0 0 0 0]
[0 0 4 4 2 0 0 0 0 0 0 0 0 0 0 0 0 0 0 0 0 0 181 73 0 0 0 0 24 0 0 42 57
 36 0 30 0 0 0 0 0]
[0 0 4 4 2 0 0 0 0 0 0 0 0 0 0 0 0 0 0 0 0 0 181 73 0 0 0 0 24 0 0 42 57
 36 0 30 0 0 0 0 0]
[0 0 4 4 2 0 0 0 0 0 0 0 0 0 0 0 0 0 0 0 0 0 181 73 0 0 0 0 24 0 0 42 57
 36 0 30 0 0 0 0 0]
[0 0 4 4 2 0 0 0 0 0 0 0 0 0 0 0 0 0 0 0 0 0 181 73 0 0 0 0 24 0 0 42 57
 36 0 30 0 0 0 0 0]
[0 0 4 4 2 0 0 0 0 0 0 0 0 0 0 0 0 0 0 0 0 0 181 73 0 0 0 0 24 0 0 42 57
 36 0 30 0 0 0 0 0]
[0 0 4 4 2 0 0 0 0 0 0 0 0 0 0 0 0 0 0 0 0 0 181 73 0 0 0 0 24 0 0 42 57
 36 0 30 0 0 0 0 0]
[0 0 4 4 2 0 0 0 0 0 0 0 0 0 0 0 0 0 0 0 0 0 179 71 0 0 0 0 24 0 0 42 57
 36 0 30 0 0 0 0 0]
[0 0 4 4 2 0 0 0 0 0 0 0 0 0 0 0 0 0 0 0 0 0 181 73 0 0 0 0 24 0 0 42 57
 36 0 30 0 0 0 0 0]
[0 0 4 4 2 0 0 0 0 0 0 0 0 0 0 0 0 0 0 0 0 0 181 73 0 0 0 0 24 0 0 42 57
 36 0 30 0 0 0 0 0]
[0 0 4 4 2 0 0 0 0 0 0 0 0 0 0 0 0 0 0 0 0 0 181 73 0 0 0 0 24 0 0 42 57
 36 0 30 0 0 0 0 0]
[0 0 4 4 2 0 0 0 0 0 0 0 0 0 0 0 0 0 0 0 0 0 181 73 0 0 0 0 24 0 0 42 57
 36 0 30 0 0 0 0 0]
[0 0 4 4 2 0 0 0 0 0 0 0 0 0 0 0 0 0 0 0 0 0 181 73 0 0 0 0 24 0 0 42 57
 36 0 30 0 0 0 0 0]
[0 0 4 4 108 0 0 0 0 0 0 0 0 0 0 0 0 0 0 0 0 0 181 73 0 0 0 0 24 0 0 42 57
 36 0 30 0 0 0 0 0]
[0 0 4 4 2 0 0 0 0 0 0 0 0 0 0 0 0 0 0 0 0 0 181 73 0 0 0 0 24 0 0 42 57
 36 0 30 0 0 0 0 0]
[0 0 4 4 2 0 0 0 0 0 0 0 0 0 0 0 0 0 0 0 0 0 181 73 0 0 0 0 24 0 0 42 57
 36 0 30 0 0 0 0 0]
[0 0 4 4 2 0 0 0 0 0 0 0 0 0 0 0 0 0 0 0 0 0 181 73 0 0 0 0 24 0 0 42 57
 36 0 30 0 0 0 0 0]
[0 0 4 4 108 0 0 0 0 0 0 0 0 0 0 0 0 0 0 0 0 0 181 73 0 0 0 0 24 0 0 42 57
 36 0 30 0 0 0 0 0]
[0 0 4 4 2 0 0 0 0 0 0 0 0 0 0 0 0 0 0 0 0 0 181 73 0 0 0 0 24 0 0 42 57
 36 0 30 0 0 0 0 0]
[0 0 4 4 2 0 0 0 0 0 0 0 0 0 0 0 0 0 0 0 0 0 181 73 0 0 0 0 24 0 0 42 57
 36 0 30 0 0 0 0 0]
[0 0 4 4 108 0 0 0 0 0 0 0 0 0 0 0 0 0 0 0 0 0 181 73 0 0 0 0 24 0 0 42 57
 36 0 30 0 0 0 0 0]
[0 0 4 4 2 0 0 0 0 0 0 0 0 0 0 0 0 0 0 0 0 0 181 73 0 0 0 0 24 0 0 42 57
 36 0 30 0 0 0 0 0]
[0 0 4 4 2 0 0 0 0 0 0 0 0 0 0 0 0 0 0 0 0 0 181 73 0 0 0 0 24 0 0 42 57
 36 0 30 0 0 0 0 0]
[0 0 4 4 108 0 0 0 0 0 0 0 0 0 0 0 0 0 0 0 0 0 155 47 0 0 0 0 24 0 0 42 57
 36 0 30 0 0 0 0 0]
[0 0 4 4 108 0 0 0 0 0 0 0 0 0 0 0 0 0 0 0 0 0 173 66 0 0 0 0 24 0 0 42 57
 36 0 30 0 0 0 0 0]
[0 0 4 4 2 0 0 0 0 0 0 0 0 0 0 0 0 0 0 0 0 0 181 73 0 0 0 0 24 0 0 42 57
 36 0 30 0 0 0 0 0]
[0 0 4 4 2 0 0 0 0 0 0 0 0 0 0 0 0 0 0 0 0 0 181 73 0 0 0 0 24 0 0 42 57
 36 0 30 0 0 0 0 0]
[0 0 4 4 2 0 0 0 0 0 0 0 0 0 0 0 0 0 0 0 0 0 181 73 0 0 0 0 24 0 0 42 57
 36 0 30 0 0 0 0 0]
[0 0 4 4 108 0 0 0 0 0 0 0 0 0 0 0 0 0 0 0 0 0 150 42 0 0 0 0 24 0 0 42 57
 36 0 30 0 0 0 0 0]
[0 0 4 4 2 0 0 0 0 0 0 0 0 0 0 0 0 0 0 0 0 0 181 73 0 0 0 0 24 0 0 42 57
 36 0 30 0 0 0 0 0]
[0 0 4 4 2 0 0 0 0 0 0 0 0 0 0 0 0 0 0 0 0 0 181 73 0 0 0 0 24 0 0 42 57
 36 0 30 0 0 0 0 0]
[0 0 4 4 2 0 0 0 0 0 0 0 0 0 0 0 0 0 0 0 0 0 181 73 0 0 0 0 24 0 0 42 57
 36 0 30 0 0 0 0 0]
[0 0 4 4 108 0 0 0 0 0 0 0 0 0 0 0 0 0 0 0 0 0 181 73 0 0 0 0 24 0 0 42 57
 36 0 30 0 0 0 0 0]
[0 0 4 4 2 0 0 0 0 0 0 0 0 0 0 0 0 0 0 0 0 0 181 73 0 0 0 0 24 0 0 42 57
 36 0 30 0 0 0 0 0]
[0 0 4 4 2 0 0 0 0 0 0 0 0 0 0 0 0 0 0 0 0 0 179 71 0 0 0 0 24 0 0 42 57
 36 0 30 0 0 0 0 0]
[0 0 4 4 108 0 0 0 0 0 0 0 0 0 0 0 0 0 0 0 0 0 181 73 0 0 0 0 24 0 0 42 57
 36 0 30 0 0 0 0 0]
[0 0 4 4 2 0 0 0 0 0 0 0 0 0 0 0 0 0 0 0 0 0 181 73 0 0 0 0 24 0 0 42 57
 36 0 30 0 0 0 0 0]
[0 0 4 4 2 0 0 0 0 0 0 0 0 0 0 0 0 0 0 0 0 0 181 73 0 0 0 0 24 0 0 42 57
 36 0 30 0 0 0 0 0]
[0 0 4 4 108 0 0 0 0 0 0 0 0 0 0 0 0 0 0 0 0 0 181 73 0 0 0 0 24 0 0 42 57
 36 0 30 0 0 0 0 0]
[0 0 4 4 2 0 0 0 0 0 0 0 0 0 0 0 0 0 0 0 0 0 181 73 0 0 0 0 24 0 0 42 57
 36 0 30 0 0 0 0 0]
[0 0 4 4 2 0 0 0 0 0 0 0 0 0 0 0 0 0 0 0 0 0 181 73 0 0 0 0 24 0 0 42 57
 36 0 30 0 0 0 0 0]
[0 0 4 4 2 0 0 0 0 0 0 0 0 0 0 0 0 0 0 0 0 0 180 71 0 0 0 0 24 0 0 42 57
 36 0 30 0 0 0 0 0]
[0 0 4 4 2 0 0 0 0 0 0 0 0 0 0 0 0 0 0 0 0 0 181 73 0 0 0 0 24 0 0 42 57
 36 0 30 0 0 0 0 0]
[0 0 4 4 2 0 0 0 0 0 0 0 0 0 0 0 0 0 0 0 0 0 181 73 0 0 0 0 24 0 0 42 57
 36 0 30 0 0 0 0 0]
[0 0 4 4 2 0 0 0 0 0 0 0 0 0 0 0 0 0 0 0 0 0 181 73 0 0 0 0 24 0 0 42 57
 36 0 30 0 0 0 0 0]
[0 0 4 4 108 0 0 0 0 0 0 0 0 0 0 0 0 0 0 0 0 0 181 73 0 0 0 0 24 0 0 42 57
 36 0 30 0 0 0 0 0]
[0 0 4 4 2 0 0 0 0 0 0 0 0 0 0 0 0 0 0 0 0 0 181 73 0 0 0 0 24 0 0 42 57
 36 0 30 0 0 0 0 0]
[0 0 4 4 108 0 0 0 0 0 0 0 0 0 0 0 0 0 0 0 0 0 181 73 0 0 0 0 24 0 0 42 57
 36 0 30 0 0 0 0 0]
[0 0 4 4 2 0 0 0 0 0 0 0 0 0 0 0 0 0 0 0 0 0 181 73 0 0 0 0 24 0 0 42 57
 36 0 30 0 0 0 0 0]
[0 0 4 4 2 0 0 0 0 0 0 0 0 0 0 0 0 0 0 0 0 0 181 73 0 0 0 0 24 0 0 42 57
 36 0 30 0 0 0 0 0]
[0 0 4 4 2 0 0 0 0 0 0 0 0 0 0 0 0 0 0 0 0 0 181 73 0 0 0 0 24 0 0 42 57
 36 0 30 0 0 0 0 0]
[0 0 4 4 2 0 0 0 0 0 0 0 0 0 0 0 0 0 0 0 0 0 181 73 0 0 0 0 24 0 0 42 57
 36 0 30 0 0 0 0 0]
[0 0 4 4 108 0 0 0 0 0 0 0 0 0 0 0 0 0 0 0 0 0 151 43 0 0 0 0 24 0 0 42 57
 36 0 30 0 0 0 0 0]
[0 0 4 4 2 0 0 0 0 0 0 0 0 0 0 0 0 0 0 0 0 0 181 73 0 0 0 0 24 0 0 42 57
 36 0 30 0 0 0 0 0]
[0 0 4 4 2 0 0 0 0 0 0 0 0 0 0 0 0 0 0 0 0 0 181 73 0 0 0 0 24 0 0 42 57
 36 0 30 0 0 0 0 0]
[0 0 4 4 108 0 0 0 0 0 0 0 0 0 0 0 0 0 0 0 0 0 181 73 0 0 0 0 24 0 0 42 57
 36 0 30 0 0 0 0 0]
[0 0 4 4 2 0 0 0 0 0 0 0 0 0 0 0 0 0 0 0 0 0 181 73 0 0 0 0 24 0 0 42 57
 36 0 30 0 0 0 0 0]
[0 0 4 4 2 0 0 0 0 0 0 0 0 0 0 0 0 0 0 0 0 0 181 73 0 0 0 0 24 0 0 42 57
 36 0 30 0 0 0 0 0]
[0 0 4 4 2 0 0 0 0 0 0 0 0 0 0 0 0 0 0 0 0 0 181 73 0 0 0 0 24 0 0 42 57
 36 0 30 0 0 0 0 0]
[0 0 4 4 108 0 0 0 0 0 0 0 0 0 0 0 0 0 0 0 0 0 181 73 0 0 0 0 24 0 0 42 57
 36 0 30 0 0 0 0 0]
[0 0 4 4 2 0 0 0 0 0 0 0 0 0 0 0 0 0 0 0 0 0 181 73 0 0 0 0 24 0 0 42 57
 36 0 30 0 0 0 0 0]
[0 0 4 4 2 0 0 0 0 0 0 0 0 0 0 0 0 0 0 0 0 0 180 72 0 0 0 0 24 0 0 42 57
 36 0 30 0 0 0 0 0]
[0 0 4 4 2 0 0 0 0 0 0 0 0 0 0 0 0 0 0 0 0 0 181 73 0 0 0 0 24 0 0 42 57
 36 0 30 0 0 0 0 0]
[0 0 4 4 2 0 0 0 0 0 0 0 0 0 0 0 0 0 0 0 0 0 181 73 0 0 0 0 24 0 0 42 57
 36 0 30 0 0 0 0 0]
[0 0 4 4 2 0 0 0 0 0 0 0 0 0 0 0 0 0 0 0 0 0 181 73 0 0 0 0 24 0 0 42 57
 36 0 30 0 0 0 0 0]
[0 0 4 4 2 0 0 0 0 0 0 0 0 0 0 0 0 0 0 0 0 0 181 73 0 0 0 0 24 0 0 42 57
 36 0 30 0 0 0 0 0]
[0 0 4 4 2 0 0 0 0 0 0 0 0 0 0 0 0 0 0 0 0 0 181 73 0 0 0 0 24 0 0 42 57
 36 0 30 0 0 0 0 0]
[0 0 4 4 2 0 0 0 0 0 0 0 0 0 0 0 0 0 0 0 0 0 181 73 0 0 0 0 24 0 0 42 57
 36 0 30 0 0 0 0 0]
[0 0 4 4 2 0 0 0 0 0 0 0 0 0 0 0 0 0 0 0 0 0 181 73 0 0 0 0 24 0 0 42 57
 36 0 30 0 0 0 0 0]
[0 0 4 4 2 0 0 0 0 0 0 0 0 0 0 0 0 0 0 0 0 0 181 73 0 0 0 0 24 0 0 42 57
 36 0 30 0 0 0 0 0]
[0 0 4 4 108 0 0 0 0 0 0 0 0 0 0 0 0 0 0 0 0 0 181 73 0 0 0 0 24 0 0 42 57
 36 0 30 0 0 0 0 0]
[0 0 4 4 2 0 0 0 0 0 0 0 0 0 0 0 0 0 0 0 0 0 181 73 0 0 0 0 24 0 0 42 57
 36 0 30 0 0 0 0 0]
[0 0 4 4 2 0 0 0 0 0 0 0 0 0 0 0 0 0 0 0 0 0 181 73 0 0 0 0 24 0 0 42 57
 36 0 30 0 0 0 0 0]
[0 0 4 4 108 0 0 0 0 0 0 0 0 0 0 0 0 0 0 0 0 0 181 73 0 0 0 0 24 0 0 42 57
 36 0 30 0 0 0 0 0]
[0 0 4 4 2 0 0 0 0 0 0 0 0 0 0 0 0 0 0 0 0 0 181 73 0 0 0 0 24 0 0 42 57
 36 0 30 0 0 0 0 0]
[0 0 4 4 2 0 0 0 0 0 0 0 0 0 0 0 0 0 0 0 0 0 180 72 0 0 0 0 24 0 0 42 57
 36 0 30 0 0 0 0 0]
[0 0 4 4 2 0 0 0 0 0 0 0 0 0 0 0 0 0 0 0 0 0 181 73 0 0 0 0 24 0 0 42 57
 36 0 30 0 0 0 0 0]
[0 0 4 4 2 0 0 0 0 0 0 0 0 0 0 0 0 0 0 0 0 0 180 72 0 0 0 0 24 0 0 42 57
 36 0 30 0 0 0 0 0]
[0 0 4 4 2 0 0 0 0 0 0 0 0 0 0 0 0 0 0 0 0 0 181 73 0 0 0 0 24 0 0 42 57
 36 0 30 0 0 0 0 0]
[0 0 4 4 108 0 0 0 0 0 0 0 0 0 0 0 0 0 0 0 0 0 181 73 0 0 0 0 24 0 0 42 57
 36 0 30 0 0 0 0 0]
[0 0 4 4 2 0 0 0 0 0 0 0 0 0 0 0 0 0 0 0 0 0 181 73 0 0 0 0 24 0 0 42 57
 36 0 30 0 0 0 0 0]
[0 0 4 4 108 0 0 0 0 0 0 0 0 0 0 0 0 0 0 0 0 0 140 31 0 0 0 0 24 0 0 42 57
 36 0 30 0 0 0 0 0]
[0 0 4 4 2 0 0 0 0 0 0 0 0 0 0 0 0 0 0 0 0 0 181 73 0 0 0 0 24 0 0 42 57
 36 0 30 0 0 0 0 0]
[0 0 4 4 2 0 0 0 0 0 0 0 0 0 0 0 0 0 0 0 0 0 181 73 0 0 0 0 24 0 0 42 57
 36 0 30 0 0 0 0 0]
[0 0 4 4 2 0 0 0 0 0 0 0 0 0 0 0 0 0 0 0 0 0 179 71 0 0 0 0 24 0 0 42 57
 36 0 30 0 0 0 0 0]
[0 0 4 4 108 0 0 0 0 0 0 0 0 0 0 0 0 0 0 0 0 0 175 68 0 0 0 0 24 0 0 42 57
 36 0 30 0 0 0 0 0]
[0 0 4 4 2 0 0 0 0 0 0 0 0 0 0 0 0 0 0 0 0 0 181 73 0 0 0 0 24 0 0 42 57
 36 0 30 0 0 0 0 0]
[0 0 4 4 2 0 0 0 0 0 0 0 0 0 0 0 0 0 0 0 0 0 181 73 0 0 0 0 24 0 0 42 57
 36 0 30 0 0 0 0 0]
[0 0 4 4 2 0 0 0 0 0 0 0 0 0 0 0 0 0 0 0 0 0 181 73 0 0 0 0 24 0 0 42 57
 36 0 30 0 0 0 0 0]
[0 0 4 4 2 0 0 0 0 0 0 0 0 0 0 0 0 0 0 0 0 0 181 73 0 0 0 0 24 0 0 42 57
 36 0 30 0 0 0 0 0]
[0 0 4 4 108 0 0 0 0 0 0 0 0 0 0 0 0 0 0 0 0 0 150 42 0 0 0 0 24 0 0 42 57
 36 0 30 0 0 0 0 0]
[0 0 4 4 2 0 0 0 0 0 0 0 0 0 0 0 0 0 0 0 0 0 181 73 0 0 0 0 24 0 0 42 57
 36 0 30 0 0 0 0 0]
[0 0 4 4 2 0 0 0 0 0 0 0 0 0 0 0 0 0 0 0 0 0 181 73 0 0 0 0 24 0 0 42 57
 36 0 30 0 0 0 0 0]
[0 0 4 4 2 0 0 0 0 0 0 0 0 0 0 0 0 0 0 0 0 0 181 73 0 0 0 0 24 0 0 42 57
 36 0 30 0 0 0 0 0]
[0 0 4 4 2 0 0 0 0 0 0 0 0 0 0 0 0 0 0 0 0 0 181 73 0 0 0 0 24 0 0 42 57
 36 0 30 0 0 0 0 0]
[0 0 4 4 2 0 0 0 0 0 0 0 0 0 0 0 0 0 0 0 0 0 181 73 0 0 0 0 24 0 0 42 57
 36 0 30 0 0 0 0 0]
[0 0 4 4 2 0 0 0 0 0 0 0 0 0 0 0 0 0 0 0 0 0 181 73 0 0 0 0 24 0 0 42 57
 36 0 30 0 0 0 0 0]
[0 0 4 4 2 0 0 0 0 0 0 0 0 0 0 0 0 0 0 0 0 0 181 73 0 0 0 0 24 0 0 42 57
 36 0 30 0 0 0 0 0]
[0 0 4 4 108 0 0 0 0 0 0 0 0 0 0 0 0 0 0 0 0 0 143 34 0 0 0 0 24 0 0 42 57
 36 0 30 0 0 0 0 0]
[0 0 4 4 2 0 0 0 0 0 0 0 0 0 0 0 0 0 0 0 0 0 181 73 0 0 0 0 24 0 0 42 57
 36 0 30 0 0 0 0 0]
[0 0 4 4 108 0 0 0 0 0 0 0 0 0 0 0 0 0 0 0 0 0 181 73 0 0 0 0 24 0 0 42 57
 36 0 30 0 0 0 0 0]
[0 0 4 4 2 0 0 0 0 0 0 0 0 0 0 0 0 0 0 0 0 0 180 72 0 0 0 0 24 0 0 42 57
 36 0 30 0 0 0 0 0]
[0 0 4 4 2 0 0 0 0 0 0 0 0 0 0 0 0 0 0 0 0 0 181 73 0 0 0 0 24 0 0 42 57
 36 0 30 0 0 0 0 0]
[0 0 4 4 2 0 0 0 0 0 0 0 0 0 0 0 0 0 0 0 0 0 181 73 0 0 0 0 24 0 0 42 57
 36 0 30 0 0 0 0 0]
[0 0 4 4 2 0 0 0 0 0 0 0 0 0 0 0 0 0 0 0 0 0 181 73 0 0 0 0 24 0 0 42 57
 36 0 30 0 0 0 0 0]
[0 0 4 4 2 0 0 0 0 0 0 0 0 0 0 0 0 0 0 0 0 0 181 73 0 0 0 0 24 0 0 42 57
 36 0 30 0 0 0 0 0]
[0 0 4 4 2 0 0 0 0 0 0 0 0 0 0 0 0 0 0 0 0 0 181 73 0 0 0 0 24 0 0 42 57
 36 0 30 0 0 0 0 0]
[0 0 4 4 2 0 0 0 0 0 0 0 0 0 0 0 0 0 0 0 0 0 181 73 0 0 0 0 24 0 0 42 57
 36 0 30 0 0 0 0 0]
[0 0 4 4 2 0 0 0 0 0 0 0 0 0 0 0 0 0 0 0 0 0 181 73 0 0 0 0 24 0 0 42 57
 36 0 30 0 0 0 0 0]
[0 0 4 4 108 0 0 0 0 0 0 0 0 0 0 0 0 0 0 0 0 0 161 54 0 0 0 0 24 0 0 42 57
 36 0 30 0 0 0 0 0]
[0 0 4 4 2 0 0 0 0 0 0 0 0 0 0 0 0 0 0 0 0 0 181 73 0 0 0 0 24 0 0 42 57
 36 0 30 0 0 0 0 0]
[0 0 4 4 2 0 0 0 0 0 0 0 0 0 0 0 0 0 0 0 0 0 181 73 0 0 0 0 24 0 0 42 57
 36 0 30 0 0 0 0 0]
[0 0 4 4 2 0 0 0 0 0 0 0 0 0 0 0 0 0 0 0 0 0 181 73 0 0 0 0 24 0 0 42 57
 36 0 30 0 0 0 0 0]
[0 0 4 4 2 0 0 0 0 0 0 0 0 0 0 0 0 0 0 0 0 0 181 73 0 0 0 0 24 0 0 42 57
 36 0 30 0 0 0 0 0]
[0 0 4 4 2 0 0 0 0 0 0 0 0 0 0 0 0 0 0 0 0 0 181 73 0 0 0 0 24 0 0 42 57
 36 0 30 0 0 0 0 0]
[0 0 4 4 2 0 0 0 0 0 0 0 0 0 0 0 0 0 0 0 0 0 181 73 0 0 0 0 24 0 0 42 57
 36 0 30 0 0 0 0 0]
[0 0 4 4 2 0 0 0 0 0 0 0 0 0 0 0 0 0 0 0 0 0 181 73 0 0 0 0 24 0 0 42 57
 36 0 30 0 0 0 0 0]
[0 0 4 4 2 0 0 0 0 0 0 0 0 0 0 0 0 0 0 0 0 0 181 73 0 0 0 0 24 0 0 42 57
 36 0 30 0 0 0 0 0]
[0 0 4 4 2 0 0 0 0 0 0 0 0 0 0 0 0 0 0 0 0 0 181 73 0 0 0 0 24 0 0 42 57
 36 0 30 0 0 0 0 0]
[0 0 4 4 2 0 0 0 0 0 0 0 0 0 0 0 0 0 0 0 0 0 181 73 0 0 0 0 24 0 0 42 57
 36 0 30 0 0 0 0 0]
[0 0 4 4 2 0 0 0 0 0 0 0 0 0 0 0 0 0 0 0 0 0 181 73 0 0 0 0 24 0 0 42 57
 36 0 30 0 0 0 0 0]
[0 0 4 4 2 0 0 0 0 0 0 0 0 0 0 0 0 0 0 0 0 0 181 73 0 0 0 0 24 0 0 42 57
 36 0 30 0 0 0 0 0]
[0 0 4 4 2 0 0 0 0 0 0 0 0 0 0 0 0 0 0 0 0 0 181 73 0 0 0 0 24 0 0 42 57
 36 0 30 0 0 0 0 0]
[0 0 4 4 2 0 0 0 0 0 0 0 0 0 0 0 0 0 0 0 0 0 181 73 0 0 0 0 24 0 0 42 57
 36 0 30 0 0 0 0 0]
[0 0 4 4 108 0 0 0 0 0 0 0 0 0 0 0 0 0 0 0 0 0 169 62 0 0 0 0 24 0 0 42 57
 36 0 30 0 0 0 0 0]
[0 0 4 4 108 0 0 0 0 0 0 0 0 0 0 0 0 0 0 0 0 0 181 73 0 0 0 0 24 0 0 42 57
 36 0 30 0 0 0 0 0]
[0 0 4 4 2 0 0 0 0 0 0 0 0 0 0 0 0 0 0 0 0 0 180 72 0 0 0 0 24 0 0 42 57
 36 0 30 0 0 0 0 0]
[0 0 4 4 2 0 0 0 0 0 0 0 0 0 0 0 0 0 0 0 0 0 181 73 0 0 0 0 24 0 0 42 57
 36 0 30 0 0 0 0 0]
[0 0 4 4 2 0 0 0 0 0 0 0 0 0 0 0 0 0 0 0 0 0 181 73 0 0 0 0 24 0 0 42 57
 36 0 30 0 0 0 0 0]
[0 0 4 4 2 0 0 0 0 0 0 0 0 0 0 0 0 0 0 0 0 0 181 73 0 0 0 0 24 0 0 42 57
 36 0 30 0 0 0 0 0]
[0 0 4 4 2 0 0 0 0 0 0 0 0 0 0 0 0 0 0 0 0 0 181 73 0 0 0 0 24 0 0 42 57
 36 0 30 0 0 0 0 0]
[0 0 4 4 2 0 0 0 0 0 0 0 0 0 0 0 0 0 0 0 0 0 181 73 0 0 0 0 24 0 0 42 57
 36 0 30 0 0 0 0 0]
[0 0 4 4 108 0 0 0 0 0 0 0 0 0 0 0 0 0 0 0 0 0 181 73 0 0 0 0 24 0 0 42 57
 36 0 30 0 0 0 0 0]
[0 0 4 4 2 0 0 0 0 0 0 0 0 0 0 0 0 0 0 0 0 0 181 73 0 0 0 0 24 0 0 42 57
 36 0 30 0 0 0 0 0]
[0 0 4 4 2 0 0 0 0 0 0 0 0 0 0 0 0 0 0 0 0 0 181 73 0 0 0 0 24 0 0 42 57
 36 0 30 0 0 0 0 0]
[0 0 4 4 2 0 0 0 0 0 0 0 0 0 0 0 0 0 0 0 0 0 181 73 0 0 0 0 24 0 0 42 57
 36 0 30 0 0 0 0 0]
[0 0 4 4 108 0 0 0 0 0 0 0 0 0 0 0 0 0 0 0 0 0 148 40 0 0 0 0 24 0 0 42 57
 36 0 30 0 0 0 0 0]
[0 0 4 4 2 0 0 0 0 0 0 0 0 0 0 0 0 0 0 0 0 0 181 73 0 0 0 0 24 0 0 42 57
 36 0 30 0 0 0 0 0]
[0 0 4 4 2 0 0 0 0 0 0 0 0 0 0 0 0 0 0 0 0 0 181 73 0 0 0 0 24 0 0 42 57
 36 0 30 0 0 0 0 0]
[0 0 4 4 2 0 0 0 0 0 0 0 0 0 0 0 0 0 0 0 0 0 181 73 0 0 0 0 24 0 0 42 57
 36 0 30 0 0 0 0 0]
[0 0 4 4 2 0 0 0 0 0 0 0 0 0 0 0 0 0 0 0 0 0 181 73 0 0 0 0 24 0 0 42 57
 36 0 30 0 0 0 0 0]
[0 0 4 4 2 0 0 0 0 0 0 0 0 0 0 0 0 0 0 0 0 0 181 73 0 0 0 0 24 0 0 42 57
 36 0 30 0 0 0 0 0]
[0 0 4 4 108 0 0 0 0 0 0 0 0 0 0 0 0 0 0 0 0 0 181 73 0 0 0 0 24 0 0 42 57
 36 0 30 0 0 0 0 0]
[0 0 4 4 2 0 0 0 0 0 0 0 0 0 0 0 0 0 0 0 0 0 181 73 0 0 0 0 24 0 0 42 57
 36 0 30 0 0 0 0 0]
[0 0 4 4 108 0 0 0 0 0 0 0 0 0 0 0 0 0 0 0 0 0 181 73 0 0 0 0 24 0 0 42 57
 36 0 30 0 0 0 0 0]
[0 0 4 4 2 0 0 0 0 0 0 0 0 0 0 0 0 0 0 0 0 0 181 73 0 0 0 0 24 0 0 42 57
 36 0 30 0 0 0 0 0]
[0 0 4 4 2 0 0 0 0 0 0 0 0 0 0 0 0 0 0 0 0 0 181 73 0 0 0 0 24 0 0 42 57
 36 0 30 0 0 0 0 0]
[0 0 4 4 2 0 0 0 0 0 0 0 0 0 0 0 0 0 0 0 0 0 181 73 0 0 0 0 24 0 0 42 57
 36 0 30 0 0 0 0 0]
[0 0 4 4 2 0 0 0 0 0 0 0 0 0 0 0 0 0 0 0 0 0 181 73 0 0 0 0 24 0 0 42 57
 36 0 30 0 0 0 0 0]
[0 0 4 4 2 0 0 0 0 0 0 0 0 0 0 0 0 0 0 0 0 0 180 72 0 0 0 0 24 0 0 42 57
 36 0 30 0 0 0 0 0]
[0 0 4 4 2 0 0 0 0 0 0 0 0 0 0 0 0 0 0 0 0 0 181 73 0 0 0 0 24 0 0 42 57
 36 0 30 0 0 0 0 0]
[0 0 4 4 2 0 0 0 0 0 0 0 0 0 0 0 0 0 0 0 0 0 181 73 0 0 0 0 24 0 0 42 57
 36 0 30 0 0 0 0 0]
[0 0 4 4 108 0 0 0 0 0 0 0 0 0 0 0 0 0 0 0 0 0 150 42 0 0 0 0 24 0 0 42 57
 36 0 30 0 0 0 0 0]
[0 0 4 4 2 0 0 0 0 0 0 0 0 0 0 0 0 0 0 0 0 0 181 73 0 0 0 0 24 0 0 42 57
 36 0 30 0 0 0 0 0]
[0 0 4 4 2 0 0 0 0 0 0 0 0 0 0 0 0 0 0 0 0 0 181 73 0 0 0 0 24 0 0 42 57
 36 0 30 0 0 0 0 0]
[0 0 4 4 108 0 0 0 0 0 0 0 0 0 0 0 0 0 0 0 0 0 181 73 0 0 0 0 24 0 0 42 57
 36 0 30 0 0 0 0 0]
[0 0 4 4 2 0 0 0 0 0 0 0 0 0 0 0 0 0 0 0 0 0 181 73 0 0 0 0 24 0 0 42 57
 36 0 30 0 0 0 0 0]
[0 0 4 4 2 0 0 0 0 0 0 0 0 0 0 0 0 0 0 0 0 0 181 73 0 0 0 0 24 0 0 42 57
 36 0 30 0 0 0 0 0]
[0 0 4 4 2 0 0 0 0 0 0 0 0 0 0 0 0 0 0 0 0 0 181 73 0 0 0 0 24 0 0 42 57
 36 0 30 0 0 0 0 0]
[0 0 4 4 108 0 0 0 0 0 0 0 0 0 0 0 0 0 0 0 0 0 181 73 0 0 0 0 24 0 0 42 57
 36 0 30 0 0 0 0 0]
[0 0 4 4 2 0 0 0 0 0 0 0 0 0 0 0 0 0 0 0 0 0 181 73 0 0 0 0 24 0 0 42 57
 36 0 30 0 0 0 0 0]
[0 0 4 4 2 0 0 0 0 0 0 0 0 0 0 0 0 0 0 0 0 0 179 71 0 0 0 0 24 0 0 42 57
 36 0 30 0 0 0 0 0]
[0 0 4 4 108 0 0 0 0 0 0 0 0 0 0 0 0 0 0 0 0 0 170 63 0 0 0 0 24 0 0 42 57
 36 0 30 0 0 0 0 0]
[0 0 4 4 108 0 0 0 0 0 0 0 0 0 0 0 0 0 0 0 0 0 181 73 0 0 0 0 24 0 0 42 57
 36 0 30 0 0 0 0 0]
[0 0 4 4 2 0 0 0 0 0 0 0 0 0 0 0 0 0 0 0 0 0 181 73 0 0 0 0 24 0 0 42 57
 36 0 30 0 0 0 0 0]
[0 0 4 4 2 0 0 0 0 0 0 0 0 0 0 0 0 0 0 0 0 0 181 73 0 0 0 0 24 0 0 42 57
 36 0 30 0 0 0 0 0]
[0 0 4 4 2 0 0 0 0 0 0 0 0 0 0 0 0 0 0 0 0 0 181 73 0 0 0 0 24 0 0 42 57
 36 0 30 0 0 0 0 0]
[0 0 4 4 108 0 0 0 0 0 0 0 0 0 0 0 0 0 0 0 0 0 181 73 0 0 0 0 24 0 0 42 57
 36 0 30 0 0 0 0 0]
[0 0 4 4 2 0 0 0 0 0 0 0 0 0 0 0 0 0 0 0 0 0 181 73 0 0 0 0 24 0 0 42 57
 36 0 30 0 0 0 0 0]
[0 0 4 4 2 0 0 0 0 0 0 0 0 0 0 0 0 0 0 0 0 0 181 73 0 0 0 0 24 0 0 42 57
 36 0 30 0 0 0 0 0]
[0 0 4 4 2 0 0 0 0 0 0 0 0 0 0 0 0 0 0 0 0 0 181 73 0 0 0 0 24 0 0 42 57
 36 0 30 0 0 0 0 0]
[0 0 4 4 2 0 0 0 0 0 0 0 0 0 0 0 0 0 0 0 0 0 180 72 0 0 0 0 24 0 0 42 57
 36 0 30 0 0 0 0 0]
[0 0 4 4 2 0 0 0 0 0 0 0 0 0 0 0 0 0 0 0 0 0 181 73 0 0 0 0 24 0 0 42 57
 36 0 30 0 0 0 0 0]
[0 0 4 4 2 0 0 0 0 0 0 0 0 0 0 0 0 0 0 0 0 0 181 73 0 0 0 0 24 0 0 42 57
 36 0 30 0 0 0 0 0]
[0 0 4 4 2 0 0 0 0 0 0 0 0 0 0 0 0 0 0 0 0 0 181 73 0 0 0 0 24 0 0 42 57
 36 0 30 0 0 0 0 0]
[0 0 4 4 2 0 0 0 0 0 0 0 0 0 0 0 0 0 0 0 0 0 181 73 0 0 0 0 24 0 0 42 57
 36 0 30 0 0 0 0 0]
[0 0 4 4 108 0 0 0 0 0 0 0 0 0 0 0 0 0 0 0 0 0 152 44 0 0 0 0 24 0 0 42 57
 36 0 30 0 0 0 0 0]
[0 0 4 4 108 0 0 0 0 0 0 0 0 0 0 0 0 0 0 0 0 0 141 32 0 0 0 0 24 0 0 42 57
 36 0 30 0 0 0 0 0]
[0 0 4 4 2 0 0 0 0 0 0 0 0 0 0 0 0 0 0 0 0 0 181 73 0 0 0 0 24 0 0 42 57
 36 0 30 0 0 0 0 0]
[0 0 4 4 2 0 0 0 0 0 0 0 0 0 0 0 0 0 0 0 0 0 181 73 0 0 0 0 24 0 0 42 57
 36 0 30 0 0 0 0 0]
[0 0 4 4 2 0 0 0 0 0 0 0 0 0 0 0 0 0 0 0 0 0 181 73 0 0 0 0 24 0 0 42 57
 36 0 30 0 0 0 0 0]
[0 0 4 4 2 0 0 0 0 0 0 0 0 0 0 0 0 0 0 0 0 0 181 73 0 0 0 0 24 0 0 42 57
 36 0 30 0 0 0 0 0]
[0 0 4 4 2 0 0 0 0 0 0 0 0 0 0 0 0 0 0 0 0 0 181 73 0 0 0 0 24 0 0 42 57
 36 0 30 0 0 0 0 0]
[0 0 4 4 2 0 0 0 0 0 0 0 0 0 0 0 0 0 0 0 0 0 181 73 0 0 0 0 24 0 0 42 57
 36 0 30 0 0 0 0 0]
[0 0 4 4 108 0 0 0 0 0 0 0 0 0 0 0 0 0 0 0 0 0 181 73 0 0 0 0 24 0 0 42 57
 36 0 30 0 0 0 0 0]
[0 0 4 4 2 0 0 0 0 0 0 0 0 0 0 0 0 0 0 0 0 0 181 73 0 0 0 0 24 0 0 42 57
 36 0 30 0 0 0 0 0]
[0 0 4 4 2 0 0 0 0 0 0 0 0 0 0 0 0 0 0 0 0 0 181 73 0 0 0 0 24 0 0 42 57
 36 0 30 0 0 0 0 0]
[0 0 4 4 2 0 0 0 0 0 0 0 0 0 0 0 0 0 0 0 0 0 181 73 0 0 0 0 24 0 0 42 57
 36 0 30 0 0 0 0 0]
[0 0 4 4 108 0 0 0 0 0 0 0 0 0 0 0 0 0 0 0 0 0 181 73 0 0 0 0 24 0 0 42 57
 36 0 30 0 0 0 0 0]
[0 0 4 4 2 0 0 0 0 0 0 0 0 0 0 0 0 0 0 0 0 0 181 73 0 0 0 0 24 0 0 42 57
 36 0 30 0 0 0 0 0]
[0 0 4 4 2 0 0 0 0 0 0 0 0 0 0 0 0 0 0 0 0 0 180 72 0 0 0 0 24 0 0 42 57
 36 0 30 0 0 0 0 0]
[0 0 4 4 2 0 0 0 0 0 0 0 0 0 0 0 0 0 0 0 0 0 181 73 0 0 0 0 24 0 0 42 57
 36 0 30 0 0 0 0 0]
[0 0 4 4 2 0 0 0 0 0 0 0 0 0 0 0 0 0 0 0 0 0 181 73 0 0 0 0 24 0 0 42 57
 36 0 30 0 0 0 0 0]
[0 0 4 4 2 0 0 0 0 0 0 0 0 0 0 0 0 0 0 0 0 0 181 73 0 0 0 0 24 0 0 42 57
 36 0 30 0 0 0 0 0]
[0 0 4 4 2 0 0 0 0 0 0 0 0 0 0 0 0 0 0 0 0 0 181 73 0 0 0 0 24 0 0 42 57
 36 0 30 0 0 0 0 0]
[0 0 4 4 2 0 0 0 0 0 0 0 0 0 0 0 0 0 0 0 0 0 181 73 0 0 0 0 24 0 0 42 57
 36 0 30 0 0 0 0 0]
[0 0 4 4 2 0 0 0 0 0 0 0 0 0 0 0 0 0 0 0 0 0 181 73 0 0 0 0 24 0 0 42 57
 36 0 30 0 0 0 0 0]
[0 0 4 4 2 0 0 0 0 0 0 0 0 0 0 0 0 0 0 0 0 0 180 72 0 0 0 0 24 0 0 42 57
 36 0 30 0 0 0 0 0]
[0 0 4 4 2 0 0 0 0 0 0 0 0 0 0 0 0 0 0 0 0 0 181 73 0 0 0 0 24 0 0 42 57
 36 0 30 0 0 0 0 0]
[0 0 4 4 2 0 0 0 0 0 0 0 0 0 0 0 0 0 0 0 0 0 181 73 0 0 0 0 24 0 0 42 57
 36 0 30 0 0 0 0 0]
[0 0 4 4 2 0 0 0 0 0 0 0 0 0 0 0 0 0 0 0 0 0 181 73 0 0 0 0 24 0 0 42 57
 36 0 30 0 0 0 0 0]
[0 0 4 4 2 0 0 0 0 0 0 0 0 0 0 0 0 0 0 0 0 0 181 73 0 0 0 0 24 0 0 42 57
 36 0 30 0 0 0 0 0]
[0 0 4 4 2 0 0 0 0 0 0 0 0 0 0 0 0 0 0 0 0 0 181 73 0 0 0 0 24 0 0 42 57
 36 0 30 0 0 0 0 0]
[0 0 4 4 2 0 0 0 0 0 0 0 0 0 0 0 0 0 0 0 0 0 181 73 0 0 0 0 24 0 0 42 57
 36 0 30 0 0 0 0 0]
[0 0 4 4 2 0 0 0 0 0 0 0 0 0 0 0 0 0 0 0 0 0 181 73 0 0 0 0 24 0 0 42 57
 36 0 30 0 0 0 0 0]
[0 0 4 4 2 0 0 0 0 0 0 0 0 0 0 0 0 0 0 0 0 0 181 73 0 0 0 0 24 0 0 42 57
 36 0 30 0 0 0 0 0]
[0 0 4 4 108 0 0 0 0 0 0 0 0 0 0 0 0 0 0 0 0 0 153 45 0 0 0 0 24 0 0 42 57
 36 0 30 0 0 0 0 0]
[0 0 4 4 108 0 0 0 0 0 0 0 0 0 0 0 0 0 0 0 0 0 181 73 0 0 0 0 24 0 0 42 57
 36 0 30 0 0 0 0 0]
[0 0 4 4 2 0 0 0 0 0 0 0 0 0 0 0 0 0 0 0 0 0 181 73 0 0 0 0 24 0 0 42 57
 36 0 30 0 0 0 0 0]
[0 0 4 4 108 0 0 0 0 0 0 0 0 0 0 0 0 0 0 0 0 0 156 49 0 0 0 0 24 0 0 42 57
 36 0 30 0 0 0 0 0]
[0 0 4 4 108 0 0 0 0 0 0 0 0 0 0 0 0 0 0 0 0 0 181 73 0 0 0 0 24 0 0 42 57
 36 0 30 0 0 0 0 0]
[0 0 4 4 2 0 0 0 0 0 0 0 0 0 0 0 0 0 0 0 0 0 181 73 0 0 0 0 24 0 0 42 57
 36 0 30 0 0 0 0 0]
[0 0 4 4 2 0 0 0 0 0 0 0 0 0 0 0 0 0 0 0 0 0 181 73 0 0 0 0 24 0 0 42 57
 36 0 30 0 0 0 0 0]
[0 0 4 4 2 0 0 0 0 0 0 0 0 0 0 0 0 0 0 0 0 0 181 73 0 0 0 0 24 0 0 42 57
 36 0 30 0 0 0 0 0]
[0 0 4 4 108 0 0 0 0 0 0 0 0 0 0 0 0 0 0 0 0 0 144 35 0 0 0 0 24 0 0 42 57
 36 0 30 0 0 0 0 0]
[0 0 4 4 2 0 0 0 0 0 0 0 0 0 0 0 0 0 0 0 0 0 181 73 0 0 0 0 24 0 0 42 57
 36 0 30 0 0 0 0 0]
[0 0 4 4 2 0 0 0 0 0 0 0 0 0 0 0 0 0 0 0 0 0 181 73 0 0 0 0 24 0 0 42 57
 36 0 30 0 0 0 0 0]
[0 0 4 4 2 0 0 0 0 0 0 0 0 0 0 0 0 0 0 0 0 0 181 73 0 0 0 0 24 0 0 42 57
 36 0 30 0 0 0 0 0]
[0 0 4 4 2 0 0 0 0 0 0 0 0 0 0 0 0 0 0 0 0 0 180 72 0 0 0 0 24 0 0 42 57
 36 0 30 0 0 0 0 0]
[0 0 4 4 2 0 0 0 0 0 0 0 0 0 0 0 0 0 0 0 0 0 181 73 0 0 0 0 24 0 0 42 57
 36 0 30 0 0 0 0 0]
[0 0 4 4 2 0 0 0 0 0 0 0 0 0 0 0 0 0 0 0 0 0 181 73 0 0 0 0 24 0 0 42 57
 36 0 30 0 0 0 0 0]
[0 0 4 4 2 0 0 0 0 0 0 0 0 0 0 0 0 0 0 0 0 0 181 73 0 0 0 0 24 0 0 42 57
 36 0 30 0 0 0 0 0]
[0 0 4 4 2 0 0 0 0 0 0 0 0 0 0 0 0 0 0 0 0 0 181 73 0 0 0 0 24 0 0 42 57
 36 0 30 0 0 0 0 0]
[0 0 4 4 108 0 0 0 0 0 0 0 0 0 0 0 0 0 0 0 0 0 181 73 0 0 0 0 24 0 0 42 57
 36 0 30 0 0 0 0 0]
[0 0 4 4 2 0 0 0 0 0 0 0 0 0 0 0 0 0 0 0 0 0 181 73 0 0 0 0 24 0 0 42 57
 36 0 30 0 0 0 0 0]
[0 0 4 4 2 0 0 0 0 0 0 0 0 0 0 0 0 0 0 0 0 0 181 73 0 0 0 0 24 0 0 42 57
 36 0 30 0 0 0 0 0]
[0 0 4 4 2 0 0 0 0 0 0 0 0 0 0 0 0 0 0 0 0 0 179 71 0 0 0 0 24 0 0 42 57
 36 0 30 0 0 0 0 0]
[0 0 4 4 108 0 0 0 0 0 0 0 0 0 0 0 0 0 0 0 0 0 181 73 0 0 0 0 24 0 0 42 57
 36 0 30 0 0 0 0 0]
[0 0 4 4 2 0 0 0 0 0 0 0 0 0 0 0 0 0 0 0 0 0 181 73 0 0 0 0 24 0 0 42 57
 36 0 30 0 0 0 0 0]
[0 0 4 4 2 0 0 0 0 0 0 0 0 0 0 0 0 0 0 0 0 0 181 73 0 0 0 0 24 0 0 42 57
 36 0 30 0 0 0 0 0]
[0 0 4 4 2 0 0 0 0 0 0 0 0 0 0 0 0 0 0 0 0 0 181 73 0 0 0 0 24 0 0 42 57
 36 0 30 0 0 0 0 0]
[0 0 4 4 2 0 0 0 0 0 0 0 0 0 0 0 0 0 0 0 0 0 181 73 0 0 0 0 24 0 0 42 57
 36 0 30 0 0 0 0 0]
[0 0 4 4 2 0 0 0 0 0 0 0 0 0 0 0 0 0 0 0 0 0 181 73 0 0 0 0 24 0 0 42 57
 36 0 30 0 0 0 0 0]
[0 0 4 4 2 0 0 0 0 0 0 0 0 0 0 0 0 0 0 0 0 0 181 73 0 0 0 0 24 0 0 42 57
 36 0 30 0 0 0 0 0]
[0 0 4 4 2 0 0 0 0 0 0 0 0 0 0 0 0 0 0 0 0 0 181 73 0 0 0 0 24 0 0 42 57
 36 0 30 0 0 0 0 0]
[0 0 4 4 2 0 0 0 0 0 0 0 0 0 0 0 0 0 0 0 0 0 181 73 0 0 0 0 24 0 0 42 57
 36 0 30 0 0 0 0 0]
[0 0 4 4 108 0 0 0 0 0 0 0 0 0 0 0 0 0 0 0 0 0 159 52 0 0 0 0 24 0 0 42 57
 36 0 30 0 0 0 0 0]
[0 0 4 4 108 0 0 0 0 0 0 0 0 0 0 0 0 0 0 0 0 0 181 73 0 0 0 0 24 0 0 42 57
 36 0 30 0 0 0 0 0]
[0 0 4 4 108 0 0 0 0 0 0 0 0 0 0 0 0 0 0 0 0 0 168 61 0 0 0 0 24 0 0 42 57
 36 0 30 0 0 0 0 0]
[0 0 4 4 2 0 0 0 0 0 0 0 0 0 0 0 0 0 0 0 0 0 181 73 0 0 0 0 24 0 0 42 57
 36 0 30 0 0 0 0 0]
[0 0 4 4 2 0 0 0 0 0 0 0 0 0 0 0 0 0 0 0 0 0 181 73 0 0 0 0 24 0 0 42 57
 36 0 30 0 0 0 0 0]
[0 0 4 4 108 0 0 0 0 0 0 0 0 0 0 0 0 0 0 0 0 0 144 35 0 0 0 0 24 0 0 42 57
 36 0 30 0 0 0 0 0]
[0 0 4 4 2 0 0 0 0 0 0 0 0 0 0 0 0 0 0 0 0 0 181 73 0 0 0 0 24 0 0 42 57
 36 0 30 0 0 0 0 0]
[0 0 4 4 2 0 0 0 0 0 0 0 0 0 0 0 0 0 0 0 0 0 181 73 0 0 0 0 24 0 0 42 57
 36 0 30 0 0 0 0 0]
[0 0 4 4 2 0 0 0 0 0 0 0 0 0 0 0 0 0 0 0 0 0 181 73 0 0 0 0 24 0 0 42 57
 36 0 30 0 0 0 0 0]
[0 0 4 4 2 0 0 0 0 0 0 0 0 0 0 0 0 0 0 0 0 0 181 73 0 0 0 0 24 0 0 42 57
 36 0 30 0 0 0 0 0]
[0 0 4 4 2 0 0 0 0 0 0 0 0 0 0 0 0 0 0 0 0 0 181 73 0 0 0 0 24 0 0 42 57
 36 0 30 0 0 0 0 0]
[0 0 4 4 2 0 0 0 0 0 0 0 0 0 0 0 0 0 0 0 0 0 181 73 0 0 0 0 24 0 0 42 57
 36 0 30 0 0 0 0 0]
[0 0 4 4 2 0 0 0 0 0 0 0 0 0 0 0 0 0 0 0 0 0 181 73 0 0 0 0 24 0 0 42 57
 36 0 30 0 0 0 0 0]
[0 0 4 4 2 0 0 0 0 0 0 0 0 0 0 0 0 0 0 0 0 0 181 73 0 0 0 0 24 0 0 42 57
 36 0 30 0 0 0 0 0]
[0 0 4 4 108 0 0 0 0 0 0 0 0 0 0 0 0 0 0 0 0 0 156 49 0 0 0 0 24 0 0 42 57
 36 0 30 0 0 0 0 0]
[0 0 4 4 108 0 0 0 0 0 0 0 0 0 0 0 0 0 0 0 0 0 181 73 0 0 0 0 24 0 0 42 57
 36 0 30 0 0 0 0 0]
[0 0 4 4 2 0 0 0 0 0 0 0 0 0 0 0 0 0 0 0 0 0 180 72 0 0 0 0 24 0 0 42 57
 36 0 30 0 0 0 0 0]
[0 0 4 4 2 0 0 0 0 0 0 0 0 0 0 0 0 0 0 0 0 0 181 73 0 0 0 0 24 0 0 42 57
 36 0 30 0 0 0 0 0]
[0 0 4 4 2 0 0 0 0 0 0 0 0 0 0 0 0 0 0 0 0 0 181 73 0 0 0 0 24 0 0 42 57
 36 0 30 0 0 0 0 0]
[0 0 4 4 2 0 0 0 0 0 0 0 0 0 0 0 0 0 0 0 0 0 181 73 0 0 0 0 24 0 0 42 57
 36 0 30 0 0 0 0 0]
[0 0 4 4 2 0 0 0 0 0 0 0 0 0 0 0 0 0 0 0 0 0 181 73 0 0 0 0 24 0 0 42 57
 36 0 30 0 0 0 0 0]
[0 0 4 4 108 0 0 0 0 0 0 0 0 0 0 0 0 0 0 0 0 0 146 37 0 0 0 0 24 0 0 42 57
 36 0 30 0 0 0 0 0]
[0 0 4 4 2 0 0 0 0 0 0 0 0 0 0 0 0 0 0 0 0 0 181 73 0 0 0 0 24 0 0 42 57
 36 0 30 0 0 0 0 0]
[0 0 4 4 2 0 0 0 0 0 0 0 0 0 0 0 0 0 0 0 0 0 181 73 0 0 0 0 24 0 0 42 57
 36 0 30 0 0 0 0 0]
[0 0 4 4 108 0 0 0 0 0 0 0 0 0 0 0 0 0 0 0 0 0 149 41 0 0 0 0 24 0 0 42 57
 36 0 30 0 0 0 0 0]
[0 0 4 4 108 0 0 0 0 0 0 0 0 0 0 0 0 0 0 0 0 0 181 73 0 0 0 0 24 0 0 42 57
 36 0 30 0 0 0 0 0]
[0 0 4 4 2 0 0 0 0 0 0 0 0 0 0 0 0 0 0 0 0 0 181 73 0 0 0 0 24 0 0 42 57
 36 0 30 0 0 0 0 0]
[0 0 4 4 2 0 0 0 0 0 0 0 0 0 0 0 0 0 0 0 0 0 181 73 0 0 0 0 24 0 0 42 57
 36 0 30 0 0 0 0 0]
[0 0 4 4 2 0 0 0 0 0 0 0 0 0 0 0 0 0 0 0 0 0 180 72 0 0 0 0 24 0 0 42 57
 36 0 30 0 0 0 0 0]
[0 0 4 4 2 0 0 0 0 0 0 0 0 0 0 0 0 0 0 0 0 0 181 73 0 0 0 0 24 0 0 42 57
 36 0 30 0 0 0 0 0]
[0 0 4 4 2 0 0 0 0 0 0 0 0 0 0 0 0 0 0 0 0 0 181 73 0 0 0 0 24 0 0 42 57
 36 0 30 0 0 0 0 0]
[0 0 4 4 2 0 0 0 0 0 0 0 0 0 0 0 0 0 0 0 0 0 181 73 0 0 0 0 24 0 0 42 57
 36 0 30 0 0 0 0 0]
[0 0 4 4 2 0 0 0 0 0 0 0 0 0 0 0 0 0 0 0 0 0 181 73 0 0 0 0 24 0 0 42 57
 36 0 30 0 0 0 0 0]
[0 0 4 4 2 0 0 0 0 0 0 0 0 0 0 0 0 0 0 0 0 0 181 73 0 0 0 0 24 0 0 42 57
 36 0 30 0 0 0 0 0]
[0 0 4 4 2 0 0 0 0 0 0 0 0 0 0 0 0 0 0 0 0 0 181 73 0 0 0 0 24 0 0 42 57
 36 0 30 0 0 0 0 0]
[0 1 16 3 0 0 0 0 0 0 0 0 0 0 0 0 0 0 0 0 0 0 189 20 5 4 0 0 3 4 0 42 58 1
 6 0 0 6 3 0 0]
[0 1 16 0 0 0 0 0 0 0 0 0 0 0 0 0 0 0 0 0 0 0 177 11 0 0 4 5 4 6 0 42 28 1
 8 0 0 0 0 13 12]
[0 1 16 0 0 0 0 0 0 0 0 0 0 0 0 0 0 0 0 0 0 0 183 1 0 0 4 5 15 4 0 42 1 4
 6 0 0 0 0 13 12]
[0 1 16 3 0 0 0 0 0 0 0 0 0 0 0 0 0 0 0 0 0 0 115 77 5 4 0 0 21 8 0 42 69
 3 8 0 0 6 3 0 0]
[0 1 16 3 0 0 0 0 0 0 0 0 0 0 0 0 0 0 0 0 0 0 108 78 5 4 0 0 3 4 0 42 72 4
 8 0 0 6 3 0 0]
[0 1 16 0 0 0 0 0 0 0 0 0 0 0 0 0 0 0 0 0 0 0 190 9 0 0 4 5 18 4 0 42 21 7
 7 0 0 0 0 13 12]
[0 1 20 3 0 0 0 0 0 0 0 0 0 0 0 0 0 0 0 0 0 0 184 11 5 4 0 0 21 12 0 42 64
 10 2 1 0 6 3 0 0]
[0 1 16 3 0 0 0 0 0 0 0 0 0 0 0 0 0 0 0 0 0 0 112 77 5 4 0 0 3 3 0 42 69 3
 7 0 0 6 3 0 0]
[0 1 16 3 0 0 0 0 0 0 0 0 0 0 0 0 0 0 0 0 0 0 109 76 5 4 0 0 3 4 0 42 66 3
 7 0 0 6 3 0 0]
[0 1 16 3 0 0 0 0 0 0 0 0 0 0 0 0 0 0 0 0 0 0 184 76 5 4 0 0 24 0 0 42 66
 3 7 0 0 6 3 0 0]
[0 1 16 3 0 0 0 0 0 0 0 0 0 0 0 0 0 0 0 0 0 0 188 69 5 4 0 0 5 3 0 42 62 2
 7 0 0 6 3 0 0]
[0 1 16 3 0 0 0 0 0 0 0 0 0 0 0 0 0 0 0 0 0 0 108 78 5 4 0 0 3 3 0 42 72 4
 6 0 0 6 3 0 0]
[0 1 16 3 0 0 0 0 0 0 0 0 0 0 0 0 0 0 0 0 0 0 172 4 5 4 0 0 20 7 0 42 8 5
 8 0 0 6 3 0 0]
[0 1 9 4 80 55 0 0 0 0 0 1 0 0 0 0 0 0 0 0 0 0 184 1 0 0 0 0 24 0 15 23 57
 36 0 1 2 0 0 0 0]
[0 1 9 4 72 28 0 0 0 0 0 1 0 0 0 0 0 0 0 0 0 0 133 22 0 0 0 0 24 0 0 49 57
 36 0 3 2 0 0 0 0]
[0 1 9 4 34 108 0 0 0 0 0 1 0 0 0 0 0 0 0 0 0 0 176 69 0 0 0 0 24 0 0 60
 57 36 0 2 3 0 0 0 0]
[0 1 9 4 95 128 0 0 0 0 0 1 0 0 0 0 0 0 0 0 0 0 185 77 0 0 0 0 24 0 0 42
 57 36 0 0 0 0 0 0 0]
[0 1 9 4 28 116 0 0 0 0 0 1 0 0 0 0 0 0 0 0 0 0 176 69 0 0 0 0 24 0 0 53
 57 36 0 2 3 0 0 0 0]
[0 0 21 4 20 0 0 0 0 0 0 0 0 0 0 0 0 0 0 0 0 0 176 20 0 0 0 0 23 10 0 42
 72 4 1 5 0 0 0 0 0]
[0 1 9 4 83 77 0 0 0 0 0 1 0 0 0 0 0 0 0 0 0 0 182 19 0 0 0 0 24 0 7 63 57
 36 0 13 2 0 0 0 1]
[0 1 9 4 48 30 0 0 0 0 0 1 0 0 0 0 0 0 0 0 0 0 176 69 0 0 0 0 24 0 0 42 57
 36 0 0 0 0 0 0 0]
[0 1 9 4 84 31 0 0 0 0 0 1 0 0 0 0 0 0 0 0 0 0 176 69 0 0 0 0 24 0 0 79 57
 36 0 1 1 0 1 1 0]
[0 1 9 4 98 84 0 0 0 0 0 1 0 0 0 0 0 0 0 0 0 0 186 78 0 0 0 0 24 0 0 42 57
 36 0 0 0 0 0 0 0]
[14 2 14 4 12 3 0 0 0 0 0 0 0 0 0 0 0 0 0 0 0 0 137 11 0 0 0 0 22 11 0 42
 28 1 18 27 0 0 0 0 0]
[0 1 9 4 19 132 0 0 0 0 0 1 0 0 0 0 0 0 0 0 0 0 185 12 0 0 0 0 24 0 11 77
 57 36 0 11 4 0 0 0 0]
[0 2 14 4 13 17 0 0 0 0 0 0 0 0 0 0 0 0 0 0 0 0 137 11 0 0 0 0 22 11 0 42
 28 1 15 28 0 0 0 0 0]
[0 1 9 4 63 21 0 0 0 0 0 1 0 0 0 0 0 0 0 0 0 0 137 28 0 0 0 0 24 0 0 65 14
 36 0 2 1 2 1 8 8]
[0 1 9 4 73 79 0 0 0 0 0 1 0 0 0 0 0 0 0 0 0 0 176 78 0 0 0 0 24 0 21 18
 57 36 0 1 2 1 1 0 0]
[0 1 9 4 71 54 0 0 0 0 0 1 0 0 0 0 0 0 0 0 0 0 185 77 0 0 0 0 24 0 0 41 57
 36 0 0 1 0 0 0 0]
[0 1 9 4 66 101 0 0 0 0 0 1 0 0 0 0 0 0 0 0 0 0 182 25 0 0 0 0 24 0 4 53
 57 36 0 2 3 0 0 0 0]
[0 1 9 4 79 33 0 0 0 0 0 1 0 0 0 0 0 0 0 0 0 0 137 28 0 0 0 0 24 0 0 33 57
 36 0 0 2 0 0 0 0]
[0 1 9 4 83 96 0 0 0 0 0 1 0 0 0 0 0 0 0 0 0 0 176 75 0 0 0 0 24 0 21 57
 57 36 0 14 4 0 0 0 0]
[0 1 9 4 24 44 0 0 0 0 0 1 0 0 0 0 0 0 0 0 0 0 176 69 0 0 0 0 24 0 0 56 57
 36 0 4 4 0 0 0 0]
[0 1 9 4 61 136 0 0 0 0 0 1 0 0 0 0 0 0 0 0 0 0 176 69 0 0 0 0 24 0 0 57
 57 36 0 14 6 0 0 0 0]
[0 1 9 4 36 133 0 0 0 0 0 1 0 0 0 0 0 0 0 0 0 0 176 69 0 0 0 0 24 0 0 42
 57 36 0 0 0 0 0 0 0]
[0 1 7 4 112 0 0 0 0 0 0 0 0 0 0 0 0 0 0 0 0 0 182 75 0 0 0 0 24 0 0 20 68
 11 3 16 3 0 0 0 0]
[0 1 9 4 74 9 0 0 0 0 0 1 0 0 0 0 0 0 0 0 0 0 130 20 0 0 0 0 24 0 0 42 57
 36 0 0 0 0 0 0 0]
[4 2 14 4 11 3 0 0 0 0 0 0 0 0 0 0 0 0 0 0 0 0 137 11 0 0 0 0 22 11 0 42
 28 1 23 30 0 0 0 0 0]
[0 1 9 4 48 103 0 0 0 0 0 1 0 0 0 0 0 0 0 0 0 0 184 78 0 0 0 0 24 0 21 83
 57 36 0 1 2 0 0 0 0]
[0 1 9 4 32 2 0 0 0 0 0 1 0 0 0 0 0 0 0 0 0 0 186 78 0 0 0 0 24 0 0 58 57
 36 0 2 2 0 0 0 0]
[0 1 9 4 75 7 0 0 0 0 0 1 0 0 0 0 0 0 0 0 0 0 184 76 0 0 0 0 24 0 0 48 57
 36 0 3 2 0 0 0 0]
[0 2 2 4 107 20 0 0 0 0 0 0 0 0 0 0 0 0 0 0 0 0 187 79 0 0 0 0 24 0 1 42
 56 36 1 0 0 0 0 0 0]
[0 1 9 4 81 36 0 0 0 0 0 1 0 0 0 0 0 0 0 0 0 0 185 77 0 0 0 0 24 0 0 42 54
 35 1 0 0 0 0 0 0]
[0 1 9 4 73 9 0 0 0 0 0 1 0 0 0 0 0 0 0 0 0 0 185 5 0 0 0 0 24 0 10 80 71
 36 0 1 0 0 0 0 0]
[0 1 9 4 44 32 0 0 0 0 0 1 0 0 0 0 0 0 0 0 0 0 182 75 0 0 0 0 24 0 0 42 57
 36 0 0 0 0 0 0 0]
[0 1 9 4 84 75 0 0 0 0 0 1 0 0 0 0 0 0 0 0 0 0 182 76 0 0 0 0 24 0 19 42
 57 36 0 0 0 0 0 0 0]
[0 1 9 4 42 118 0 0 0 0 0 1 0 0 0 0 0 0 0 0 0 0 184 76 0 0 0 0 24 0 0 62
 65 36 0 2 3 2 2 0 0]
[0 1 9 4 36 22 0 0 0 0 0 1 0 0 0 0 0 0 0 0 0 0 176 69 0 0 0 0 24 0 0 57 57
 36 0 14 1 0 0 0 0]
[0 2 2 4 103 0 0 0 0 0 0 0 0 0 0 0 0 0 0 0 0 0 182 75 0 0 0 0 24 0 0 55 31
 36 0 30 1 0 0 0 0]
第 1 类:
[0 1 16 3 0 0 0 0 0 0 0 0 0 0 0 0 0 0 0 0 0 0 68 5 5 4 0 0 7 4 0 42 10 5 8
 0 0 6 3 0 0]
[0 1 16 3 0 0 0 0 0 0 0 0 0 0 0 0 0 0 0 0 0 0 121 9 5 4 0 0 6 3 0 42 28 1
 7 0 0 6 3 0 0]
[0 1 16 3 0 0 0 0 0 0 0 0 0 0 0 0 0 0 0 0 0 0 37 5 4 4 0 0 10 4 0 42 10 5
 5 0 0 6 3 0 0]
[0 1 16 0 0 0 0 0 0 0 0 0 0 0 0 0 0 0 0 0 0 0 15 1 0 0 4 5 9 5 0 42 1 4 6
 0 0 0 0 13 12]
[0 1 16 3 0 0 0 0 0 0 0 0 0 0 0 0 0 0 0 0 0 0 98 11 5 4 0 0 1 3 0 42 15 6
 7 0 0 6 3 0 0]
[0 1 16 0 0 0 0 0 0 0 0 0 0 0 0 0 0 0 0 0 0 0 60 75 0 0 4 5 3 5 0 42 63 2
 7 0 0 0 0 13 12]
[0 1 16 3 0 0 0 0 0 0 0 0 0 0 0 0 0 0 0 0 0 0 87 3 5 4 0 0 5 2 0 42 7 5 5
 0 0 6 3 0 0]
[0 1 16 3 0 0 0 0 0 0 0 0 0 0 0 0 0 0 0 0 0 0 109 3 5 4 0 0 4 2 0 42 10 5
 6 0 0 6 3 0 0]
[0 1 22 3 0 0 0 0 0 0 0 0 0 0 0 0 0 0 0 0 0 0 25 77 5 4 0 0 6 3 0 42 1 4 6
 0 0 6 3 0 0]
[0 1 16 3 0 0 0 0 0 0 0 0 0 0 0 0 0 0 0 0 0 0 37 7 5 4 0 0 12 2 0 42 15 6
 5 0 0 6 3 0 0]
[0 1 16 0 0 0 0 0 0 0 0 0 0 0 0 0 0 0 0 0 0 0 127 10 0 0 4 5 6 3 0 42 23 7
 7 0 0 0 0 13 12]
[0 1 16 3 0 0 0 0 0 0 0 0 0 0 0 0 0 0 0 0 0 0 63 12 5 4 0 0 10 4 0 42 29 8
 6 0 0 6 3 0 0]
[0 1 16 0 0 0 0 0 0 0 0 0 0 0 0 0 0 0 0 0 0 0 37 7 0 0 4 5 12 3 0 42 15 6
 7 0 0 0 0 13 12]
[0 1 16 3 0 0 0 0 0 0 0 0 0 0 0 0 0 0 0 0 0 0 36 75 5 4 0 0 4 3 0 42 62 2
 7 0 0 6 3 0 0]
[0 1 16 3 0 0 0 0 0 0 0 0 0 0 0 0 0 0 0 0 0 0 46 6 5 4 0 0 10 2 0 42 12 6
 6 0 0 6 3 0 0]
[0 1 16 0 0 0 0 0 0 0 0 0 0 0 0 0 0 0 0 0 0 0 26 8 0 0 4 5 13 4 0 42 17 7
 7 0 0 0 0 13 12]
[0 1 16 3 0 0 0 0 0 0 0 0 0 0 0 0 0 0 0 0 0 0 105 3 5 4 0 0 5 2 0 42 7 5 5
 0 0 6 3 0 0]
[0 1 16 3 0 0 0 0 0 0 0 0 0 0 0 0 0 0 0 0 0 0 2 5 5 4 0 0 14 3 0 42 29 8 7
 0 0 6 3 0 0]
[0 1 16 0 0 0 0 0 0 0 0 0 0 0 0 0 0 0 0 0 0 0 110 10 0 0 4 5 7 3 0 42 23 7
 6 0 0 0 0 13 12]
[0 1 16 0 0 0 0 0 0 0 0 0 0 0 0 0 0 0 0 0 0 0 79 6 0 0 4 5 6 3 0 42 12 6 7
 0 0 0 0 13 12]
[0 1 16 3 0 0 0 0 0 0 0 0 0 0 0 0 0 0 0 0 0 0 3 0 5 4 0 0 1 4 0 42 0 0 6 0
 0 6 3 0 0]
[0 1 16 0 0 0 0 0 0 0 0 0 0 0 0 0 0 0 0 0 0 0 48 12 0 0 4 5 13 2 0 42 29 8
 5 0 0 0 0 13 12]
[0 1 16 0 0 0 0 0 0 0 0 0 0 0 0 0 0 0 0 0 0 0 100 12 0 0 4 5 8 4 0 42 29 8
 7 0 0 0 0 13 12]
[0 1 16 3 0 0 0 0 0 0 0 0 0 0 0 0 0 0 0 0 0 0 126 15 5 4 0 0 8 2 0 42 39 9
 5 0 0 6 3 0 0]
[0 1 16 0 0 0 0 0 0 0 0 0 0 0 0 0 0 0 0 0 0 0 13 2 0 0 4 5 10 3 0 42 3 4 6
 0 0 0 0 13 12]
[0 1 16 0 0 0 0 0 0 0 0 0 0 0 0 0 0 0 0 0 0 0 6 20 0 0 4 5 3 4 0 42 58 1 6
 0 0 0 0 13 12]
[0 1 5 3 0 0 0 0 0 0 0 0 0 0 0 0 0 0 0 0 0 0 47 12 5 4 0 0 14 2 0 42 29 8
 6 0 0 6 3 0 0]
[0 1 16 3 0 0 0 0 0 0 0 0 0 0 0 0 0 0 0 0 0 0 91 6 5 4 0 0 6 2 0 42 12 6 5
 0 0 6 3 0 0]
[0 1 16 3 0 0 0 0 0 0 0 0 0 0 0 0 0 0 0 0 0 0 86 69 5 4 0 0 2 4 0 42 62 2
 7 0 0 6 3 0 0]
[0 1 16 3 0 0 0 0 0 0 0 0 0 0 0 0 0 0 0 0 0 0 109 4 5 4 0 0 5 2 0 42 8 5 5
 0 0 6 3 0 0]
[0 1 16 3 0 0 0 0 0 0 0 0 0 0 0 0 0 0 0 0 0 0 43 5 5 4 0 0 10 3 0 42 10 5
 6 0 0 6 3 0 0]
[0 1 16 0 0 0 0 0 0 0 0 0 0 0 0 0 0 0 0 0 0 0 25 3 0 0 4 5 10 3 0 42 7 5 6
 0 0 0 0 13 12]
[0 1 16 3 0 0 0 0 0 0 0 0 0 0 0 0 0 0 0 0 0 0 102 8 5 4 0 0 6 2 0 42 17 7
 5 0 0 6 3 0 0]
[0 1 16 0 0 0 0 0 0 0 0 0 0 0 0 0 0 0 0 0 0 0 114 2 0 0 4 5 4 3 0 42 3 4 7
 0 0 0 0 13 12]
[0 1 16 3 0 0 0 0 0 0 0 0 0 0 0 0 0 0 0 0 0 0 8 77 5 4 0 0 7 4 0 42 69 3 6
 0 0 6 3 0 0]
[0 1 16 3 0 0 0 0 0 0 0 0 0 0 0 0 0 0 0 0 0 0 28 9 5 4 0 0 14 3 0 42 21 7
 7 0 0 6 3 0 0]
[0 1 16 3 0 0 0 0 0 0 0 0 0 0 0 0 0 0 0 0 0 0 22 1 5 4 0 0 8 4 0 42 1 4 8
 0 0 6 3 0 0]
[0 1 16 3 0 0 0 0 0 0 0 0 0 0 0 0 0 0 0 0 0 0 10 20 5 4 0 0 3 3 0 42 58 1
 6 0 0 6 3 0 0]
[0 1 6 3 0 0 0 0 0 0 0 0 0 0 0 0 0 0 0 0 0 0 103 76 5 4 0 0 3 3 0 42 66 3
 7 0 0 6 3 0 0]
[0 1 16 3 0 0 0 0 0 0 0 0 0 0 0 0 0 0 0 0 0 0 33 69 5 4 0 0 4 3 0 42 62 2
 5 0 0 6 3 0 0]
[0 1 16 3 0 0 0 0 0 0 0 0 0 0 0 0 0 0 0 0 0 0 16 76 5 4 0 0 6 4 0 42 72 4
 7 0 0 6 3 0 0]
[0 1 16 3 0 0 0 0 0 0 0 0 0 0 0 0 0 0 0 0 0 0 43 5 5 4 0 0 10 3 0 42 10 5
 5 0 0 6 3 0 0]
[0 1 16 3 0 0 0 0 0 0 0 0 0 0 0 0 0 0 0 0 0 0 78 8 5 4 0 0 7 3 0 42 17 7 7
 0 0 6 3 0 0]
[0 1 16 3 0 0 0 0 0 0 0 0 0 0 0 0 0 0 0 0 0 0 125 14 5 4 0 0 7 1 0 42 34 9
 5 0 0 6 3 0 0]
[0 1 16 3 0 0 0 0 0 0 0 0 0 0 0 0 0 0 0 0 0 0 11 9 5 4 0 0 16 3 0 42 21 7
 7 0 0 6 3 0 0]
[0 1 14 3 0 0 0 0 0 0 0 0 0 0 0 0 0 0 0 0 0 0 113 2 5 4 0 0 4 2 0 42 60 2
 9 0 0 6 3 0 0]
[0 1 16 3 0 0 0 0 0 0 0 0 0 0 0 0 0 0 0 0 0 0 128 6 5 4 0 0 5 2 0 42 12 6
 5 0 0 6 3 0 0]
[0 1 16 3 0 0 0 0 0 0 0 0 0 0 0 0 0 0 0 0 0 0 104 5 5 4 0 0 5 3 0 42 10 5
 6 0 0 6 3 0 0]
[0 1 16 0 0 0 0 0 0 0 0 0 0 0 0 0 0 0 0 0 0 0 30 78 0 0 4 5 7 4 0 42 63 2
 7 1 0 0 0 13 12]
[0 1 16 3 0 0 0 0 0 0 0 0 0 0 0 0 0 0 0 0 0 0 36 76 5 4 0 0 5 4 0 42 66 3
 7 0 0 6 3 0 0]
[0 1 1 3 0 0 0 0 0 0 0 0 0 0 0 0 0 0 0 0 0 0 82 10 5 4 0 0 8 4 0 42 23 7 8
 0 0 6 3 0 0]
[0 1 9 3 0 0 0 0 0 0 0 0 0 0 0 0 0 0 0 0 0 0 49 11 5 4 0 0 13 9 0 42 28 1
 9 0 0 6 3 0 0]
[0 1 16 3 0 0 0 0 0 0 0 0 0 0 0 0 0 0 0 0 0 0 21 77 5 4 0 0 7 4 0 42 69 3
 7 0 0 6 3 0 0]
[0 1 16 0 0 0 0 0 0 0 0 0 0 0 0 0 0 0 0 0 0 0 70 69 0 0 4 5 2 4 0 42 62 2
 8 0 0 0 0 13 12]
[0 1 16 3 0 0 0 0 0 0 0 0 0 0 0 0 0 0 0 0 0 0 111 5 5 4 0 0 5 3 0 42 0 0 9
 0 0 6 3 0 0]
[0 1 16 3 0 0 0 0 0 0 0 0 0 0 0 0 0 0 0 0 0 0 32 76 5 4 0 0 5 4 0 42 66 3
 7 0 0 6 3 0 0]
[0 1 23 0 0 0 0 0 0 0 0 0 0 0 0 0 0 0 0 0 0 0 102 28 0 0 4 5 2 3 0 42 60 2
 7 0 0 0 0 13 12]
[0 1 16 3 0 0 0 0 0 0 0 0 0 0 0 0 0 0 0 0 0 0 67 11 5 4 0 0 1 3 0 42 28 1
 7 0 0 6 3 0 0]
[0 1 16 3 0 0 0 0 0 0 0 0 0 0 0 0 0 0 0 0 0 0 97 75 5 4 0 0 2 3 0 42 29 8
 6 0 0 6 3 0 0]
[0 1 10 3 0 0 0 0 0 0 0 0 0 0 0 0 0 0 0 0 0 0 48 7 5 4 0 0 11 2 0 42 28 1
 6 0 0 6 3 0 0]
[0 1 22 3 0 0 0 0 0 0 0 0 0 0 0 0 0 0 0 0 0 0 44 10 5 4 0 0 13 3 0 42 23 7
 6 0 0 6 3 0 0]
[0 1 16 3 0 0 0 0 0 0 0 0 0 0 0 0 0 0 0 0 0 0 95 4 5 4 0 0 5 3 0 42 8 5 7
 0 0 6 3 0 0]
[0 1 16 3 0 0 0 0 0 0 0 0 0 0 0 0 0 0 0 0 0 0 124 15 5 4 0 0 8 2 0 42 39 9
 5 0 0 6 3 0 0]
[0 1 16 3 0 0 0 0 0 0 0 0 0 0 0 0 0 0 0 0 0 0 62 1 5 4 0 0 5 2 0 42 1 4 5
 0 0 6 3 0 0]
[0 1 16 3 0 0 0 0 0 0 0 0 0 0 0 0 0 0 0 0 0 0 36 15 5 4 0 0 17 1 0 42 39 9
 5 0 0 6 3 0 0]
[0 1 16 0 0 0 0 0 0 0 0 0 0 0 0 0 0 0 0 0 0 0 74 2 0 0 4 5 5 4 0 42 3 4 9
 0 0 0 0 13 12]
[0 1 16 0 0 0 0 0 0 0 0 0 0 0 0 0 0 0 0 0 0 0 75 1 0 0 4 5 4 4 0 42 1 4 7
 0 0 0 0 13 12]
[0 1 16 3 0 0 0 0 0 0 0 0 0 0 0 0 0 0 0 0 0 0 71 3 5 4 0 0 5 3 0 42 7 5 6
 0 0 6 3 0 0]
[0 1 16 3 0 0 0 0 0 0 0 0 0 0 0 0 0 0 0 0 0 0 104 13 5 4 0 0 8 2 0 42 30 8
 5 0 0 6 3 0 0]
[0 1 16 3 0 0 0 0 0 0 0 0 0 0 0 0 0 0 0 0 0 0 18 69 5 4 0 0 4 3 0 42 62 2
 5 0 0 6 3 0 0]
[0 1 16 3 0 0 0 0 0 0 0 0 0 0 0 0 0 0 0 0 0 0 10 6 5 4 0 0 14 2 0 42 12 6
 7 0 0 6 3 0 0]
[0 1 16 3 0 0 0 0 0 0 0 0 0 0 0 0 0 0 0 0 0 0 15 13 5 4 0 0 18 2 0 42 30 8
 5 0 0 6 3 0 0]
[0 1 16 3 0 0 0 0 0 0 0 0 0 0 0 0 0 0 0 0 0 0 95 11 5 4 0 0 1 2 0 42 28 1
 6 0 0 6 3 0 0]
[0 1 16 0 0 0 0 0 0 0 0 0 0 0 0 0 0 0 0 0 0 0 38 8 0 0 4 5 12 3 0 42 15 6
 6 0 0 0 0 13 12]
[0 1 16 3 0 0 0 0 0 0 0 0 0 0 0 0 0 0 0 0 0 0 121 7 5 4 0 0 6 3 0 42 15 6
 8 0 0 6 3 0 0]
[0 1 16 3 0 0 0 0 0 0 0 0 0 0 0 0 0 0 0 0 0 0 119 6 5 4 0 0 5 3 0 42 12 6
 7 0 0 6 3 0 0]
[0 1 16 3 0 0 0 0 0 0 0 0 0 0 0 0 0 0 0 0 0 0 12 75 5 4 0 0 5 5 0 42 63 2
 7 0 0 6 3 0 0]
[0 1 16 3 0 0 0 0 0 0 0 0 0 0 0 0 0 0 0 0 0 0 20 76 5 4 0 0 6 4 0 42 66 3
 6 0 0 6 3 0 0]
[0 1 16 3 0 0 0 0 0 0 0 0 0 0 0 0 0 0 0 0 0 0 73 5 5 4 0 0 6 3 0 42 10 5 6
 0 0 6 3 0 0]
[0 1 16 3 0 0 0 0 0 0 0 0 0 0 0 0 0 0 0 0 0 0 80 2 5 4 0 0 5 3 0 42 3 4 7
 0 0 6 3 0 0]
[0 1 16 3 0 0 0 0 0 0 0 0 0 0 0 0 0 0 0 0 0 0 105 15 5 4 0 0 9 2 0 42 39 9
 5 0 0 6 3 0 0]
[0 1 16 3 0 0 0 0 0 0 0 0 0 0 0 0 0 0 0 0 0 0 30 28 5 4 0 0 3 3 0 42 60 2
 6 0 0 6 3 0 0]
[0 1 16 3 0 0 0 0 0 0 0 0 0 0 0 0 0 0 0 0 0 0 59 12 5 4 0 0 10 2 0 42 29 8
 5 0 0 6 3 0 0]
[0 1 16 3 0 0 0 0 0 0 0 0 0 0 0 0 0 0 0 0 0 0 4 6 5 4 0 0 14 3 0 42 29 8 7
 0 0 6 3 0 0]
[0 1 16 0 0 0 0 0 0 0 0 0 0 0 0 0 0 0 0 0 0 0 8 75 0 0 4 5 6 4 0 42 63 2 7
 0 0 0 0 13 12]
[0 1 16 3 0 0 0 0 0 0 0 0 0 0 0 0 0 0 0 0 0 0 3 28 5 4 0 0 4 3 0 42 15 6 7
 0 0 6 3 0 0]
[0 1 16 3 0 0 0 0 0 0 0 0 0 0 0 0 0 0 0 0 0 0 83 11 5 4 0 0 1 4 0 42 28 1
 8 0 0 6 3 0 0]
[0 1 12 0 0 0 0 0 0 0 0 0 0 0 0 0 0 0 0 0 0 0 122 7 0 0 4 5 5 3 0 42 15 6
 7 0 0 0 0 13 12]
[0 1 16 0 0 0 0 0 0 0 0 0 0 0 0 0 0 0 0 0 0 0 85 2 0 0 4 5 5 4 0 42 3 4 7
 0 0 0 0 13 12]
[0 1 16 0 0 0 0 0 0 0 0 0 0 0 0 0 0 0 0 0 0 0 59 9 0 0 4 5 9 3 0 42 21 7 7
 0 0 0 0 13 12]
[0 1 16 3 0 0 0 0 0 0 0 0 0 0 0 0 0 0 0 0 0 0 12 77 5 4 0 0 7 3 0 42 69 3
 8 0 0 6 3 0 0]
[0 1 16 3 0 0 0 0 0 0 0 0 0 0 0 0 0 0 0 0 0 0 33 4 5 4 0 0 10 2 0 42 69 3
 7 0 0 6 3 0 0]
[0 1 16 0 0 0 0 0 0 0 0 0 0 0 0 0 0 0 0 0 0 0 2 1 0 0 4 5 10 5 0 42 1 4 6
 0 0 0 0 13 12]
[0 1 16 3 0 0 0 0 0 0 0 0 0 0 0 0 0 0 0 0 0 0 93 20 5 4 0 0 1 3 0 42 58 1
 7 0 0 6 3 0 0]
[0 1 16 3 0 0 0 0 0 0 0 0 0 0 0 0 0 0 0 0 0 0 87 4 5 4 0 0 5 3 0 42 8 5 6
 0 0 6 3 0 0]
[0 1 16 0 0 0 0 0 0 0 0 0 0 0 0 0 0 0 0 0 0 0 34 5 0 0 4 5 10 4 0 42 10 5
 7 0 0 0 0 13 12]
[0 1 16 3 0 0 0 0 0 0 0 0 0 0 0 0 0 0 0 0 0 0 35 77 5 4 0 0 6 4 0 42 69 3
 7 0 0 6 3 0 0]
[0 1 16 3 0 0 0 0 0 0 0 0 0 0 0 0 0 0 0 0 0 0 27 76 5 4 0 0 5 3 0 42 62 2
 6 0 0 6 3 0 0]
[0 1 16 3 0 0 0 0 0 0 0 0 0 0 0 0 0 0 0 0 0 0 64 20 5 4 0 0 1 4 0 42 58 1
 7 0 0 6 3 0 0]
[0 1 16 3 0 0 0 0 0 0 0 0 0 0 0 0 0 0 0 0 0 0 112 8 5 4 0 0 6 3 0 42 17 7
 6 0 0 6 3 0 0]
[0 1 16 3 0 0 0 0 0 0 0 0 0 0 0 0 0 0 0 0 0 0 89 1 5 4 0 0 4 4 0 42 1 4 7
 0 0 6 3 0 0]
[0 1 16 3 0 0 0 0 0 0 0 0 0 0 0 0 0 0 0 0 0 0 83 12 5 4 0 0 8 3 0 42 29 8
 7 0 0 6 3 0 0]
[0 1 16 3 0 0 0 0 0 0 0 0 0 0 0 0 0 0 0 0 0 0 118 10 5 4 0 0 7 2 0 42 23 7
 5 0 0 6 3 0 0]
[0 1 16 0 0 0 0 0 0 0 0 0 0 0 0 0 0 0 0 0 0 0 20 76 0 0 4 5 6 5 0 42 66 3
 6 0 0 0 0 13 12]
[0 1 16 3 0 0 0 0 0 0 0 0 0 0 0 0 0 0 0 0 0 0 61 77 5 4 0 0 4 3 0 42 15 6
 8 0 0 6 3 0 0]
[0 1 16 3 0 0 0 0 0 0 0 0 0 0 0 0 0 0 0 0 0 0 69 69 5 4 0 0 2 4 0 42 62 2
 7 0 0 6 3 0 0]
[0 1 15 3 0 0 0 0 0 0 0 0 0 0 0 0 0 0 0 0 0 0 79 1 5 4 0 0 4 3 0 42 69 3 7
 0 0 6 3 0 0]
[0 1 16 3 0 0 0 0 0 0 0 0 0 0 0 0 0 0 0 0 0 0 61 9 5 4 0 0 9 2 0 42 21 7 6
 0 0 6 3 0 0]
[0 1 16 3 0 0 0 0 0 0 0 0 0 0 0 0 0 0 0 0 0 0 8 78 5 4 0 0 8 3 0 42 72 4 6
 0 0 6 3 0 0]
[0 1 5 3 0 0 0 0 0 0 0 0 0 0 0 0 0 0 0 0 0 0 18 5 5 4 0 0 12 3 0 42 10 5 7
 0 0 6 3 0 0]
[0 1 13 3 0 0 0 0 0 0 0 0 0 0 0 0 0 0 0 0 0 0 106 6 5 4 0 0 6 3 0 42 12 6
 6 0 0 6 3 0 0]
[0 1 16 3 0 0 0 0 0 0 0 0 0 0 0 0 0 0 0 0 0 0 53 9 5 4 0 0 10 2 0 42 21 7
 7 0 0 6 3 0 0]
[0 1 16 0 0 0 0 0 0 0 0 0 0 0 0 0 0 0 0 0 0 0 34 77 0 0 4 5 6 4 0 42 69 3
 6 0 0 0 0 13 12]
[0 1 16 0 0 0 0 0 0 0 0 0 0 0 0 0 0 0 0 0 0 0 72 78 0 0 4 5 4 4 0 42 72 4
 9 0 0 0 0 13 12]
[0 1 16 3 0 0 0 0 0 0 0 0 0 0 0 0 0 0 0 0 0 0 50 2 5 4 0 0 7 2 0 42 72 4 7
 0 0 6 3 0 0]
[0 1 16 3 0 0 0 0 0 0 0 0 0 0 0 0 0 0 0 0 0 0 67 77 5 4 0 0 4 3 0 42 69 3
 6 0 0 6 3 0 0]
[0 1 16 0 0 0 0 0 0 0 0 0 0 0 0 0 0 0 0 0 0 0 24 78 0 0 4 5 7 3 0 42 72 4
 6 0 0 0 0 13 12]
[0 1 16 3 0 0 0 0 0 0 0 0 0 0 0 0 0 0 0 0 0 0 10 4 5 4 0 0 12 2 0 42 62 2
 6 0 0 6 3 0 0]
[0 1 16 3 0 0 0 0 0 0 0 0 0 0 0 0 0 0 0 0 0 0 61 0 5 4 0 0 0 4 0 42 0 0 8
 0 0 6 3 0 0]
[0 1 16 3 0 0 0 0 0 0 0 0 0 0 0 0 0 0 0 0 0 0 16 15 5 4 0 0 19 2 0 42 39 9
 5 0 0 6 3 0 0]
[0 1 16 0 0 0 0 0 0 0 0 0 0 0 0 0 0 0 0 0 0 0 14 7 0 0 4 5 14 3 0 42 15 6
 6 0 0 0 0 13 12]
[0 1 16 3 0 0 0 0 0 0 0 0 0 0 0 0 0 0 0 0 0 0 26 6 5 4 0 0 12 3 0 42 12 6
 6 0 0 6 3 0 0]
[0 1 16 3 0 0 0 0 0 0 0 0 0 0 0 0 0 0 0 0 0 0 114 6 5 4 0 0 5 2 0 42 12 6
 5 0 0 6 3 0 0]
[0 1 16 3 0 0 0 0 0 0 0 0 0 0 0 0 0 0 0 0 0 0 27 77 5 4 0 0 6 4 0 42 69 3
 7 0 0 6 3 0 0]
[0 1 16 3 0 0 0 0 0 0 0 0 0 0 0 0 0 0 0 0 0 0 112 6 5 4 0 0 5 3 0 42 12 6
 8 0 0 6 3 0 0]
[0 1 16 3 0 0 0 0 0 0 0 0 0 0 0 0 0 0 0 0 0 0 43 2 5 4 0 0 8 3 0 42 3 4 6
 0 0 6 3 0 0]
[0 1 16 3 0 0 0 0 0 0 0 0 0 0 0 0 0 0 0 0 0 0 79 0 5 4 0 0 0 4 0 42 0 0 8
 0 0 6 3 0 0]
[0 1 16 0 0 0 0 0 0 0 0 0 0 0 0 0 0 0 0 0 0 0 105 8 0 0 4 5 6 3 0 42 17 7
 8 0 0 0 0 13 12]
[0 1 16 3 0 0 0 0 0 0 0 0 0 0 0 0 0 0 0 0 0 0 92 7 5 4 0 0 6 3 0 42 62 2 9
 0 0 6 3 0 0]
[0 1 17 3 0 0 0 0 0 0 0 0 0 0 0 0 0 0 0 0 0 0 105 76 5 4 0 0 3 3 0 42 66 3
 8 0 0 6 3 0 0]
[0 1 18 1 0 0 0 0 0 0 0 0 0 0 0 0 0 0 0 0 0 0 18 7 0 0 4 5 13 4 0 42 15 6
 6 0 0 0 0 13 12]
[0 1 16 0 0 0 0 0 0 0 0 0 0 0 0 0 0 0 0 0 0 0 116 8 0 0 4 5 6 3 0 42 17 7
 7 0 0 0 0 13 12]
[0 1 16 0 0 0 0 0 0 0 0 0 0 0 0 0 0 0 0 0 0 0 88 3 0 0 4 5 5 3 0 42 7 5 8
 0 0 0 0 13 12]
[0 1 16 3 0 0 0 0 0 0 0 0 0 0 0 0 0 0 0 0 0 0 43 6 5 4 0 0 10 3 0 42 12 6
 7 0 0 6 3 0 0]
[0 1 16 3 0 0 0 0 0 0 0 0 0 0 0 0 0 0 0 0 0 0 107 1 5 4 0 0 4 3 0 42 1 4 8
 0 0 6 3 0 0]
[0 1 16 3 0 0 0 0 0 0 0 0 0 0 0 0 0 0 0 0 0 0 16 5 5 4 0 0 12 3 0 42 15 6
 6 0 0 6 3 0 0]
[0 1 16 0 0 0 0 0 0 0 0 0 0 0 0 0 0 0 0 0 0 0 7 76 0 0 4 5 6 4 0 42 66 3 7
 0 0 0 0 13 12]
[0 1 16 0 0 0 0 0 0 0 0 0 0 0 0 0 0 0 0 0 0 0 85 7 0 0 4 5 7 3 0 42 15 6 7
 0 0 0 0 13 12]
[0 1 16 0 0 0 0 0 0 0 0 0 0 0 0 0 0 0 0 0 0 0 67 28 0 0 4 5 2 4 0 42 60 2
 7 0 0 0 0 13 12]
[0 1 16 0 0 0 0 0 0 0 0 0 0 0 0 0 0 0 0 0 0 0 39 2 0 0 4 5 8 3 0 42 3 4 6
 0 0 0 0 13 12]
[0 1 16 0 0 0 0 0 0 0 0 0 0 0 0 0 0 0 0 0 0 0 20 20 0 0 4 5 3 4 0 42 58 1
 6 0 0 0 0 13 12]
[0 1 16 3 0 0 0 0 0 0 0 0 0 0 0 0 0 0 0 0 0 0 106 15 5 4 0 0 9 2 0 42 39 9
 5 0 0 6 3 0 0]
[0 1 16 3 0 0 0 0 0 0 0 0 0 0 0 0 0 0 0 0 0 0 48 10 5 4 0 0 13 3 0 42 23 7
 7 0 0 6 3 0 0]
[0 1 16 3 0 0 0 0 0 0 0 0 0 0 0 0 0 0 0 0 0 0 70 20 5 4 0 0 1 3 0 42 58 1
 8 0 0 6 3 0 0]
[0 1 16 3 0 0 0 0 0 0 0 0 0 0 0 0 0 0 0 0 0 0 89 9 5 4 0 0 7 4 0 42 21 7 7
 0 0 6 3 0 0]
[0 1 16 3 0 0 0 0 0 0 0 0 0 0 0 0 0 0 0 0 0 0 83 3 5 4 0 0 5 2 0 42 7 5 6
 0 0 6 3 0 0]
[0 1 16 0 0 0 0 0 0 0 0 0 0 0 0 0 0 0 0 0 0 0 32 0 0 0 4 5 1 3 0 42 0 0 7
 0 0 0 0 13 12]
[0 1 16 3 0 0 0 0 0 0 0 0 0 0 0 0 0 0 0 0 0 0 5 0 5 4 0 0 1 5 0 42 0 0 7 0
 0 6 3 0 0]
[0 1 16 0 0 0 0 0 0 0 0 0 0 0 0 0 0 0 0 0 0 0 91 0 0 0 4 5 0 4 0 42 0 0 7
 0 0 0 0 13 12]
[0 1 16 3 0 0 0 0 0 0 0 0 0 0 0 0 0 0 0 0 0 0 90 2 5 4 0 0 4 3 0 42 3 4 7
 0 0 6 3 0 0]
[0 1 16 3 0 0 0 0 0 0 0 0 0 0 0 0 0 0 0 0 0 0 63 78 5 4 0 0 4 2 0 42 72 4
 6 0 0 6 3 0 0]
[0 1 16 0 0 0 0 0 0 0 0 0 0 0 0 0 0 0 0 0 0 0 71 9 0 0 4 5 8 3 0 42 21 7 6
 0 0 0 0 13 12]
[0 1 16 0 0 0 0 0 0 0 0 0 0 0 0 0 0 0 0 0 0 0 14 11 0 0 4 5 2 4 0 42 28 1
 7 0 0 0 0 13 12]
[0 1 16 3 0 0 0 0 0 0 0 0 0 0 0 0 0 0 0 0 0 0 81 75 5 4 0 0 3 3 0 42 12 6
 7 0 0 6 3 0 0]
[0 1 16 3 0 0 0 0 0 0 0 0 0 0 0 0 0 0 0 0 0 0 36 9 5 4 0 0 13 2 0 42 10 5
 5 0 0 6 3 0 0]
[0 1 8 3 0 0 0 0 0 0 0 0 0 0 0 0 0 0 0 0 0 0 66 1 5 4 0 0 5 3 0 42 10 5 7
 0 0 6 3 0 0]
[0 1 16 3 0 0 0 0 0 0 0 0 0 0 0 0 0 0 0 0 0 0 76 28 5 4 0 0 2 3 0 42 60 2
 7 0 0 6 3 0 0]
[0 1 16 3 0 0 0 0 0 0 0 0 0 0 0 0 0 0 0 0 0 0 56 75 5 4 0 0 3 4 0 42 63 2
 8 0 0 6 3 0 0]
[0 1 16 3 0 0 0 0 0 0 0 0 0 0 0 0 0 0 0 0 0 0 25 11 5 4 0 0 2 3 0 42 28 1
 7 0 0 6 3 0 0]
[0 1 16 3 0 0 0 0 0 0 0 0 0 0 0 0 0 0 0 0 0 0 63 1 5 4 0 0 5 3 0 42 3 4 7
 0 0 6 3 0 0]
[0 1 16 3 0 0 0 0 0 0 0 0 0 0 0 0 0 0 0 0 0 0 45 8 5 4 0 0 12 2 0 42 17 7
 6 0 0 6 3 0 0]
[0 1 16 3 0 0 0 0 0 0 0 0 0 0 0 0 0 0 0 0 0 0 117 78 5 4 0 0 3 3 0 42 7 5
 7 0 0 6 3 0 0]
[0 1 16 3 0 0 0 0 0 0 0 0 0 0 0 0 0 0 0 0 0 0 129 10 5 4 0 0 6 3 0 42 63 2
 7 0 0 6 3 0 0]
[0 1 7 0 0 0 0 0 0 0 0 0 0 0 0 0 0 0 0 0 0 0 121 5 0 0 4 5 5 3 0 42 10 5 7
 0 0 0 0 13 12]
[0 1 16 0 0 0 0 0 0 0 0 0 0 0 0 0 0 0 0 0 0 0 132 12 0 0 4 5 7 2 0 42 29 8
 7 0 0 0 0 13 12]
[0 1 16 3 0 0 0 0 0 0 0 0 0 0 0 0 0 0 0 0 0 0 84 76 5 4 0 0 3 2 0 42 66 3
 6 0 0 6 3 0 0]
[0 1 16 3 0 0 0 0 0 0 0 0 0 0 0 0 0 0 0 0 0 0 103 7 5 4 0 0 6 3 0 42 62 2
 6 0 0 6 3 0 0]
[0 1 16 3 0 0 0 0 0 0 0 0 0 0 0 0 0 0 0 0 0 0 116 8 5 4 0 0 6 3 0 42 17 7
 8 0 0 6 3 0 0]
[0 1 16 3 0 0 0 0 0 0 0 0 0 0 0 0 0 0 0 0 0 0 74 12 5 4 0 0 9 2 0 42 29 8
 5 0 0 6 3 0 0]
[0 1 16 3 0 0 0 0 0 0 0 0 0 0 0 0 0 0 0 0 0 0 63 0 5 4 0 0 0 4 0 42 17 7 8
 0 0 6 3 0 0]
[0 1 16 3 0 0 0 0 0 0 0 0 0 0 0 0 0 0 0 0 0 0 61 12 5 4 0 0 10 4 0 42 29 8
 8 0 0 6 3 0 0]
[0 1 16 3 0 0 0 0 0 0 0 0 0 0 0 0 0 0 0 0 0 0 41 6 5 4 0 0 11 3 0 42 12 6
 6 0 0 6 3 0 0]
[0 1 16 3 0 0 0 0 0 0 0 0 0 0 0 0 0 0 0 0 0 0 74 0 5 4 0 0 0 4 0 42 0 0 8
 0 0 6 3 0 0]
[0 1 16 3 0 0 0 0 0 0 0 0 0 0 0 0 0 0 0 0 0 0 123 16 5 4 0 0 8 2 0 42 45 9
 5 0 0 6 3 0 0]
[0 1 16 3 0 0 0 0 0 0 0 0 0 0 0 0 0 0 0 0 0 0 96 69 5 4 0 0 2 3 0 42 62 2
 7 0 0 6 3 0 0]
[0 1 16 3 0 0 0 0 0 0 0 0 0 0 0 0 0 0 0 0 0 0 101 10 5 4 0 0 7 3 0 42 23 7
 8 0 0 6 3 0 0]
[0 1 16 3 0 0 0 0 0 0 0 0 0 0 0 0 0 0 0 0 0 0 42 4 5 4 0 0 9 3 0 42 66 3 7
 0 0 6 3 0 0]
[0 1 16 0 0 0 0 0 0 0 0 0 0 0 0 0 0 0 0 0 0 0 91 5 0 0 4 5 6 3 0 42 10 5 7
 0 0 0 0 13 12]
[0 1 16 3 0 0 0 0 0 0 0 0 0 0 0 0 0 0 0 0 0 0 80 7 5 4 0 0 7 3 0 42 15 6 6
 0 0 6 3 0 0]
[0 1 16 0 0 0 0 0 0 0 0 0 0 0 0 0 0 0 0 0 0 0 111 5 0 0 4 5 5 3 0 42 10 5
 7 0 0 0 0 13 12]
[0 1 16 3 0 0 0 0 0 0 0 0 0 0 0 0 0 0 0 0 0 0 3 20 5 4 0 0 3 5 0 42 58 1 8
 0 0 6 3 0 0]
[0 1 16 3 0 0 0 0 0 0 0 0 0 0 0 0 0 0 0 0 0 0 116 4 5 4 0 0 5 3 0 42 8 5 7
 0 0 6 3 0 0]
[0 1 16 3 0 0 0 0 0 0 0 0 0 0 0 0 0 0 0 0 0 0 21 28 5 4 0 0 3 3 0 42 62 2
 7 0 0 6 3 0 0]
[0 1 16 3 0 0 0 0 0 0 0 0 0 0 0 0 0 0 0 0 0 0 26 0 5 4 0 0 1 4 0 42 0 0 8
 0 0 6 3 0 0]
[0 1 16 3 0 0 0 0 0 0 0 0 0 0 0 0 0 0 0 0 0 0 15 77 5 4 0 0 7 4 0 42 69 3
 7 0 0 6 3 0 0]
[0 1 16 3 0 0 0 0 0 0 0 0 0 0 0 0 0 0 0 0 0 0 23 14 5 4 0 0 18 3 0 42 34 9
 5 0 0 6 3 0 0]
[0 1 16 3 0 0 0 0 0 0 0 0 0 0 0 0 0 0 0 0 0 0 122 13 5 4 0 0 7 2 0 42 30 8
 5 0 0 6 3 0 0]
[0 1 16 3 0 0 0 0 0 0 0 0 0 0 0 0 0 0 0 0 0 0 15 2 5 4 0 0 9 4 0 42 3 4 6
 0 0 6 3 0 0]
[0 1 16 3 0 0 0 0 0 0 0 0 0 0 0 0 0 0 0 0 0 0 26 77 5 4 0 0 6 3 0 42 8 5 7
 0 0 6 3 0 0]
[0 1 16 3 0 0 0 0 0 0 0 0 0 0 0 0 0 0 0 0 0 0 121 7 5 4 0 0 6 3 0 42 69 3
 8 0 0 6 3 0 0]
[0 1 11 3 0 0 0 0 0 0 0 0 0 0 0 0 0 0 0 0 0 0 23 78 5 4 0 0 7 3 0 42 72 4
 7 0 0 6 3 0 0]
[0 1 16 3 0 0 0 0 0 0 0 0 0 0 0 0 0 0 0 0 0 0 94 78 5 4 0 0 4 3 0 42 72 4
 7 0 0 6 3 0 0]
[0 1 16 0 0 0 0 0 0 0 0 0 0 0 0 0 0 0 0 0 0 0 31 78 0 0 4 5 7 4 0 42 72 4
 6 0 0 0 0 13 12]
[0 1 16 3 0 0 0 0 0 0 0 0 0 0 0 0 0 0 0 0 0 0 95 28 5 4 0 0 2 4 0 42 60 2
 8 0 0 6 3 0 0]
[0 1 16 3 0 0 0 0 0 0 0 0 0 0 0 0 0 0 0 0 0 0 55 76 5 4 0 0 4 3 0 42 66 3
 7 0 0 6 3 0 0]
[0 1 16 3 0 0 0 0 0 0 0 0 0 0 0 0 0 0 0 0 0 0 102 6 5 4 0 0 6 2 0 42 12 6
 5 0 0 6 3 0 0]
[0 1 16 3 0 0 0 0 0 0 0 0 0 0 0 0 0 0 0 0 0 0 61 2 5 4 0 0 5 2 0 42 3 4 6
 0 0 6 3 0 0]
[0 1 16 3 0 0 0 0 0 0 0 0 0 0 0 0 0 0 0 0 0 0 44 7 5 4 0 0 11 3 0 42 15 6
 6 0 0 6 3 0 0]
[0 1 16 3 0 0 0 0 0 0 0 0 0 0 0 0 0 0 0 0 0 0 2 7 5 4 0 0 16 3 0 42 23 7 7
 0 0 6 3 0 0]
[0 1 16 3 0 0 0 0 0 0 0 0 0 0 0 0 0 0 0 0 0 0 95 28 5 4 0 0 2 3 0 42 60 2
 5 0 0 6 3 0 0]
[0 1 16 3 0 0 0 0 0 0 0 0 0 0 0 0 0 0 0 0 0 0 17 78 5 4 0 0 8 2 0 42 72 4
 4 0 0 6 3 0 0]
[0 1 16 3 0 0 0 0 0 0 0 0 0 0 0 0 0 0 0 0 0 0 78 15 5 4 0 0 10 3 0 42 39 9
 5 0 0 6 3 0 0]
[0 1 16 3 0 0 0 0 0 0 0 0 0 0 0 0 0 0 0 0 0 0 3 20 5 4 0 0 3 4 0 42 7 5 6
 0 0 6 3 0 0]
[0 1 16 3 0 0 0 0 0 0 0 0 0 0 0 0 0 0 0 0 0 0 78 77 5 4 0 0 3 4 0 42 69 3
 7 0 0 6 3 0 0]
[0 1 16 3 0 0 0 0 0 0 0 0 0 0 0 0 0 0 0 0 0 0 45 7 5 4 0 0 11 2 0 42 15 6
 6 0 0 6 3 0 0]
[0 1 9 4 36 6 0 0 0 0 0 1 0 0 0 0 0 0 0 0 0 0 9 5 0 0 0 0 24 0 10 19 57 36
 0 6 5 0 0 0 0]
[0 1 9 0 0 0 0 0 0 0 0 0 0 0 0 0 0 0 0 0 0 0 0 0 0 0 4 5 24 0 0 51 11 36 0
 15 15 0 0 13 12]
[0 1 7 4 63 0 0 0 0 0 0 1 0 0 0 0 0 0 0 0 0 0 57 11 0 0 0 0 24 0 0 42 4 14
 3 19 0 0 1 0 0]
[0 2 16 4 3 16 0 0 0 0 0 0 0 0 0 0 0 0 0 0 0 0 0 0 0 0 0 0 24 0 0 42 46 30
 1 0 0 0 0 0 0]
[0 1 9 0 0 0 0 0 0 0 0 0 0 0 0 0 0 0 0 0 0 0 0 0 0 0 4 5 24 0 0 36 57 36 0
 4 14 0 0 13 12]
[0 1 9 0 0 0 0 0 0 0 0 0 0 0 0 0 0 0 0 0 0 0 0 0 0 0 4 5 24 0 0 25 57 36 0
 20 15 0 0 13 12]
[0 2 16 4 3 0 0 0 0 0 0 0 0 0 0 0 0 0 0 0 0 0 0 0 0 0 0 0 24 0 0 42 41 28
 1 0 0 0 0 0 0]
[20 2 14 4 12 3 0 0 0 0 0 0 0 0 0 0 0 0 0 0 0 0 0 0 0 0 0 0 24 0 0 42 0 0
 21 29 0 0 0 0 0]
[2 2 16 4 3 17 0 0 0 0 0 0 0 0 0 0 0 0 0 0 0 0 57 11 0 0 0 0 24 0 0 42 35
 23 1 1 0 0 0 0 0]
[3 2 14 4 12 3 0 0 0 0 0 0 0 0 0 0 0 0 0 0 0 0 0 0 0 0 0 0 24 0 0 42 0 0
 27 30 0 0 0 0 0]
[13 1 19 4 7 60 0 0 0 0 0 1 0 0 0 0 0 0 0 0 0 0 0 28 0 0 0 0 24 0 26 74 67
 31 3 1 0 0 0 0 0]
[0 1 9 0 0 0 0 0 0 0 0 0 0 0 0 0 0 0 0 0 0 0 0 0 0 0 4 5 24 0 0 0 37 36 0
 30 11 0 0 13 12]
[0 1 9 4 9 58 0 0 0 0 0 1 0 0 0 0 0 0 0 0 0 0 0 0 0 0 0 0 24 0 0 42 57 36
 0 0 0 0 0 0 0]
[0 1 9 4 37 24 0 0 0 0 0 1 0 0 0 0 0 0 0 0 0 0 1 1 0 0 0 0 24 0 0 28 57 36
 0 5 3 0 0 0 0]
[0 1 9 0 0 0 0 0 0 0 0 0 0 0 0 0 0 0 0 0 0 0 0 11 0 0 4 5 24 0 26 10 48 36
 0 7 14 0 0 13 10]
[0 1 19 4 1 61 0 0 0 0 0 1 0 0 0 0 0 0 0 0 0 0 0 0 0 0 0 0 24 0 0 20 49 32
 1 1 1 0 0 0 0]
[0 2 16 4 3 16 0 0 0 0 0 0 0 0 0 0 0 0 0 0 0 0 0 0 0 0 0 0 24 0 0 42 49 32
 1 0 0 0 0 0 0]
[6 2 14 4 13 3 0 0 0 0 0 0 0 0 0 0 0 0 0 0 0 0 0 0 0 0 0 0 24 0 0 42 0 0
 26 30 0 0 0 0 0]
[9 2 14 4 11 3 0 0 0 0 0 0 0 0 0 0 0 0 0 0 0 0 0 0 0 0 0 0 24 0 0 42 0 0
 24 30 0 0 0 0 0]
[0 1 9 0 0 0 0 0 0 0 0 0 0 0 0 0 0 0 0 0 0 0 0 11 0 0 4 5 24 0 26 48 57 36
 0 3 12 0 0 13 12]
[0 1 9 0 0 0 0 0 0 0 0 0 0 0 0 0 0 0 0 0 0 0 0 11 0 0 4 5 24 0 26 46 57 36
 0 3 9 0 0 13 12]
[5 2 16 4 3 17 0 0 0 0 0 0 0 0 0 0 0 0 0 0 0 0 57 11 0 0 0 0 24 0 0 42 51
 34 1 1 0 0 0 0 0]
[0 1 20 1 0 0 0 0 0 0 0 0 0 0 0 0 0 0 0 0 0 0 0 0 0 0 4 5 24 0 0 14 7 8 3
 1 0 0 0 3 6]
[0 1 7 4 23 0 0 0 0 0 0 1 0 0 0 1 0 0 0 0 0 0 0 0 0 0 0 0 24 0 0 73 61 12
 8 18 5 0 0 0 0]
[5 1 19 4 5 62 0 0 0 0 0 1 0 0 0 0 1 0 0 0 0 0 0 11 0 0 0 0 24 0 26 66 24
 26 5 2 1 0 0 0 0]
[0 2 16 4 3 0 0 0 0 0 0 0 0 0 0 0 0 0 0 0 0 0 57 11 0 0 0 0 24 0 0 42 49
 32 1 1 0 0 0 0 0]
[0 1 9 4 18 29 0 0 0 0 0 1 0 0 0 0 0 0 0 0 0 0 0 0 0 0 0 0 24 0 0 49 57 36
 0 3 3 0 0 0 0]
[0 2 16 4 3 17 0 0 0 0 0 0 0 0 0 0 0 0 0 0 0 0 0 0 0 0 0 0 24 0 0 42 54 35
 1 0 0 0 0 0 0]
[0 2 16 4 3 17 0 0 0 0 0 0 0 0 0 0 0 0 0 0 0 0 0 0 0 0 0 0 24 0 0 42 52 34
 1 0 0 0 0 0 0]
[17 2 16 4 3 16 0 0 0 0 0 0 0 0 0 0 0 0 0 0 0 0 57 11 0 0 0 0 24 0 0 42 36
 24 1 1 0 0 0 0 0]
[0 1 9 0 0 0 0 0 0 0 0 0 0 0 0 0 0 0 0 0 0 0 0 11 0 0 4 5 24 0 26 57 33 36
 0 14 13 0 0 13 9]
[0 1 9 0 0 0 0 0 0 0 0 0 0 0 0 0 0 0 0 0 0 0 0 11 0 0 4 5 24 0 26 44 57 36
 0 17 10 0 0 13 12]
[0 1 9 4 49 5 0 0 0 0 0 1 0 0 0 0 0 0 0 0 0 0 1 48 0 0 0 1 24 0 9 56 57 36
 0 2 1 0 0 0 0]
[10 2 14 4 11 3 0 0 0 0 0 0 0 0 0 0 0 0 0 0 0 0 0 0 0 0 0 0 24 0 0 42 0 0
 27 30 0 0 0 0 0]
[0 1 9 3 0 0 0 0 0 0 0 0 0 0 0 0 0 0 0 0 0 0 57 4 3 3 0 0 24 0 20 19 32 36
 0 10 1 3 0 10 5]
[0 0 3 4 76 0 0 0 0 0 0 0 0 0 0 0 0 0 0 0 0 0 57 0 0 0 0 0 22 13 0 42 58 1
 1 6 0 0 0 0 0]
[0 2 14 4 12 0 0 0 0 0 0 0 0 0 0 0 0 0 0 0 0 0 0 0 0 0 0 0 24 0 0 42 0 0
 16 26 0 0 0 0 0]
[0 1 9 4 41 14 0 0 0 0 0 1 0 0 0 0 0 0 0 0 0 0 1 1 0 0 0 0 24 0 0 28 57 36
 0 5 1 0 0 0 0]
[0 2 16 4 3 16 0 0 0 0 0 0 0 0 0 0 0 0 0 0 0 0 0 0 0 0 0 0 24 0 0 42 42 28
 1 0 0 0 0 0 0]
[0 1 9 4 30 25 0 0 0 0 0 1 0 0 0 0 0 0 0 0 0 0 65 13 0 0 0 0 24 0 0 27 57
 36 0 0 1 0 0 0 0]
[0 2 16 4 3 15 0 0 0 0 0 0 0 0 0 0 0 0 0 0 0 0 0 0 0 0 0 0 24 0 0 42 38 25
 1 0 0 0 0 0 0]
[0 1 9 0 0 0 0 0 0 0 0 0 0 0 0 0 0 0 0 0 0 0 0 0 0 0 4 5 24 0 0 75 57 36 0
 1 8 0 0 7 7]
[19 2 14 4 11 3 0 0 0 0 0 0 0 0 0 0 0 0 0 0 0 0 0 0 0 0 0 0 24 0 0 42 28 1
 17 25 0 0 0 0 0]
[15 2 14 4 12 3 0 0 0 0 0 0 0 0 0 0 0 0 0 0 0 0 0 0 0 0 0 0 24 0 0 42 0 0
 20 28 0 0 0 0 0]
[0 1 9 4 45 19 0 0 0 0 0 1 0 0 0 0 0 0 0 0 0 0 57 11 0 0 0 0 24 0 0 42 57
 36 0 0 0 0 0 0 0]
[18 2 14 4 12 3 0 0 0 0 0 0 0 0 0 0 0 0 0 0 0 0 0 0 0 0 0 0 24 0 0 42 0 0
 27 30 0 0 0 0 0]
[0 2 16 4 3 17 0 0 0 0 0 0 0 0 0 0 0 0 0 0 0 0 0 0 0 0 0 0 24 0 0 42 54 35
 1 0 0 0 0 0 0]
[0 1 9 0 0 0 0 0 0 0 0 0 0 0 0 0 0 0 0 0 0 0 0 11 0 0 4 5 24 0 26 25 57 36
 0 20 16 0 0 13 11]
[0 1 9 0 0 0 0 0 0 0 0 0 0 0 0 0 0 0 0 0 0 0 0 20 0 0 4 5 24 0 26 47 59 36
 0 3 5 0 0 13 12]
[0 1 9 4 25 18 0 0 0 0 0 1 0 0 0 0 0 0 0 0 0 0 0 0 0 0 0 0 24 0 0 77 57 36
 0 11 5 0 0 0 0]
[0 1 9 4 56 1 0 0 0 0 0 1 0 0 0 0 0 0 0 0 0 0 0 0 0 0 0 0 24 0 0 72 57 36
 0 1 3 0 0 0 0]
[0 2 16 4 3 0 0 0 0 0 0 0 0 0 0 0 0 0 0 0 0 0 0 0 0 0 0 0 24 0 0 42 53 34
 1 0 0 0 0 0 0]
[0 1 9 0 0 0 0 0 0 0 0 0 0 0 0 0 0 0 0 0 0 0 0 11 0 0 4 5 24 0 26 49 13 36
 0 3 4 0 0 13 12]
[8 2 14 4 11 3 0 0 0 0 0 0 0 0 0 0 0 0 0 0 0 0 0 0 0 0 0 0 24 0 0 42 0 0
 24 30 0 0 0 0 0]
[0 1 0 4 6 82 0 0 0 0 0 1 0 0 0 0 0 0 0 0 0 0 0 0 0 0 0 0 24 0 0 42 0 0 24
 0 0 0 0 0 0]
[0 2 16 4 3 15 0 0 0 0 0 0 0 0 0 0 0 0 0 0 0 0 0 0 0 0 0 0 24 0 0 42 47 31
 1 0 0 0 0 0 0]
[9 2 14 4 13 3 0 0 0 0 0 0 0 0 0 0 0 0 0 0 0 0 0 0 0 0 0 0 24 0 0 42 0 0
 26 30 0 0 0 0 0]
[0 2 16 4 3 15 0 0 0 0 0 0 0 0 0 0 0 0 0 0 0 0 0 0 0 0 0 0 24 0 0 42 47 31
 1 0 0 0 0 0 0]
[7 2 14 4 12 3 0 0 0 0 0 0 0 0 0 0 0 0 0 0 0 0 0 0 0 0 0 0 24 0 0 42 0 0
 25 28 0 0 0 0 0]
[0 2 14 4 13 0 0 0 0 0 0 0 0 0 0 0 0 0 0 0 0 0 0 0 0 0 0 0 24 0 0 42 0 0
 22 29 0 0 0 0 0]
[0 1 9 4 41 11 0 0 0 0 0 1 0 0 0 0 0 0 0 0 0 0 65 13 0 0 0 0 24 0 0 28 57
 36 0 5 2 0 0 0 0]
[12 2 14 4 13 3 0 0 0 0 0 0 0 0 0 0 0 0 0 0 0 0 0 0 0 0 0 0 24 0 0 42 0 0
 24 30 0 0 0 0 0]
[0 2 16 4 3 0 0 0 0 0 0 0 0 0 0 0 0 0 0 0 0 0 0 0 0 0 0 0 24 0 0 42 50 33
 1 0 0 0 0 0 0]
[1 1 19 4 4 65 0 0 0 0 0 1 0 0 0 0 0 0 0 0 0 0 0 20 0 0 0 0 24 0 26 52 9
 12 10 2 2 0 0 0 0]
[0 1 16 5 0 0 0 0 0 0 0 0 0 0 0 0 0 0 0 0 0 0 0 0 5 4 0 0 24 0 0 42 0 0 28
 30 0 6 3 0 0]
[0 1 16 0 0 0 0 0 0 0 0 0 0 0 0 0 0 0 0 0 0 0 138 0 1 0 3 5 0 13 0 42 0 0
 28 0 0 4 0 11 12]
[0 2 16 4 29 0 0 0 0 0 0 0 0 0 0 0 0 0 0 0 0 0 57 11 0 0 0 0 24 0 0 4 73
 22 2 24 0 0 0 0 0]
[0 1 20 5 0 0 0 0 0 0 0 0 0 0 0 0 0 0 0 0 0 0 0 0 5 4 0 0 24 0 0 46 0 3 19
 22 0 5 3 0 0]
[0 1 16 0 0 0 0 0 0 0 0 0 0 0 0 0 0 0 0 0 0 0 57 0 0 0 4 5 22 13 0 42 0 0
 28 30 0 0 0 13 12]
[0 1 16 2 0 0 0 0 0 0 0 0 0 0 0 0 0 0 0 0 0 0 0 0 0 0 4 5 24 0 0 42 0 0 22
 23 0 0 0 9 12]
[0 1 16 0 0 0 0 0 0 0 0 0 0 0 0 0 0 0 0 0 0 0 0 0 0 0 4 5 24 0 0 61 0 2 28
 2 0 0 0 12 12]
第 2 类:
[1 1 19 4 14 78 0 0 0 0 0 1 0 0 0 0 0 0 0 0 0 0 0 0 0 0 0 0 24 0 0 76 22
 17 4 1 1 0 0 0 0]
[0 1 9 4 69 56 0 0 0 0 0 1 0 0 0 0 0 0 0 0 0 0 57 11 0 0 0 0 24 0 0 34 57
 36 0 0 1 1 1 0 0]
[0 1 9 4 43 43 0 0 0 0 0 1 0 0 0 0 0 0 0 0 0 0 19 5 0 0 0 0 24 0 16 6 57
 36 0 1 6 0 0 0 0]
[0 1 9 4 68 4 0 0 0 0 0 1 0 0 0 0 0 0 0 0 0 0 57 11 0 0 0 0 24 0 0 78 57
 36 0 1 4 0 0 0 0]
[0 1 9 4 51 27 0 0 0 0 0 1 0 0 0 0 0 0 0 0 0 0 0 6 0 0 0 0 24 0 15 57 57
 36 0 14 3 0 1 0 0]
[0 1 9 4 91 135 0 0 0 0 0 1 0 0 0 0 0 0 0 0 0 0 182 75 0 0 0 0 24 0 0 42
 57 36 0 0 0 0 0 0 0]
[0 1 9 4 77 97 0 0 0 0 0 1 0 0 0 0 0 0 0 0 0 0 54 18 0 0 0 0 24 0 11 22 57
 36 0 5 3 0 0 0 0]
[0 1 9 4 74 127 0 0 0 0 0 1 0 0 0 0 0 0 0 0 0 0 133 65 0 0 0 0 24 0 2 12
 57 36 0 1 5 0 0 0 0]
[0 1 9 4 50 59 0 0 0 0 0 1 0 0 0 0 0 0 0 0 0 0 40 5 2 2 0 0 24 0 0 42 57
 36 0 0 0 0 0 0 0]
[0 1 9 4 96 81 0 0 0 0 0 1 0 0 0 0 0 0 0 0 0 0 99 18 0 0 0 0 24 0 0 42 57
 36 0 0 0 0 0 0 0]
[0 1 9 4 71 99 0 0 0 0 0 1 0 0 0 0 0 0 0 0 0 0 136 26 0 0 0 0 24 0 0 26 57
 36 0 0 2 0 0 0 0]
[0 2 2 4 103 105 0 0 0 0 0 0 0 0 0 0 0 0 0 0 0 0 130 75 0 0 0 0 24 0 23 42
 54 35 1 1 0 0 0 0 0]
[0 1 9 4 28 121 0 0 0 0 0 1 0 0 0 0 0 0 0 0 0 0 120 21 0 0 0 0 24 0 3 7 57
 36 0 2 2 0 0 0 0]
[0 1 9 4 100 30 0 0 0 0 0 1 0 0 0 0 0 0 0 0 0 0 137 24 0 0 0 0 24 0 2 11
 57 36 0 1 4 1 1 5 6]
[0 1 9 4 84 134 0 0 0 0 0 1 0 0 0 0 0 0 0 0 0 0 9 5 0 0 0 0 24 0 10 42 57
 36 0 0 0 0 0 0 0]
[0 1 9 4 49 50 0 0 0 0 0 1 0 0 0 0 0 0 0 0 0 0 130 13 0 0 0 0 24 0 10 30
 57 36 0 0 1 0 0 0 0]
[1 1 19 4 116 64 0 0 0 0 0 1 0 0 0 0 0 0 0 0 0 0 0 11 0 0 0 0 24 0 26 42
 58 1 26 0 0 0 0 0 0]
[0 1 9 4 65 137 0 0 0 0 0 1 0 0 0 0 0 0 0 0 0 0 130 20 0 0 0 0 24 0 0 71
 57 36 0 1 1 0 0 0 0]
[0 1 9 4 54 95 0 0 0 0 0 1 0 0 0 0 0 0 0 0 0 0 0 69 0 0 0 0 24 0 22 0 57
 36 0 30 2 0 0 0 0]
[0 1 9 4 56 91 0 0 0 0 0 1 0 0 0 0 0 0 0 0 0 0 51 10 0 0 0 0 24 0 12 42 57
 36 0 0 0 0 0 0 0]
[0 1 9 4 63 124 0 0 0 0 0 1 0 0 0 0 0 0 0 0 0 0 1 1 0 0 0 0 24 0 0 79 57
 36 0 1 6 0 0 1 0]
[0 1 9 4 38 90 0 0 0 0 0 1 0 0 0 0 0 0 0 0 0 0 134 23 0 0 0 0 24 0 0 68 4
 36 0 1 4 0 0 0 0]
[0 1 7 4 114 0 0 0 0 0 0 0 0 0 0 0 0 0 0 0 0 0 0 0 0 0 0 0 24 0 0 1 70 18
 13 21 2 0 0 0 0]
[0 1 19 4 111 67 0 0 0 0 0 1 0 0 0 0 0 0 0 0 0 0 0 0 0 0 0 0 24 0 0 18 6
 16 3 1 0 0 0 0 0]
[5 1 19 4 17 70 0 0 0 0 0 1 0 0 0 0 0 0 0 0 0 0 0 11 0 0 0 0 24 0 26 3 19
 27 12 8 1 0 0 0 0]
[0 1 9 4 39 107 0 0 0 0 0 1 0 0 0 0 0 0 0 0 0 0 1 8 0 0 0 0 24 0 8 42 57
 36 0 0 0 0 0 0 0]
[0 1 9 4 70 51 0 0 0 0 0 1 0 0 0 0 0 0 0 0 0 0 51 7 0 0 0 0 24 0 0 73 57
 36 0 1 4 0 0 0 0]
[0 1 9 4 53 89 0 0 0 0 0 1 0 0 0 0 0 0 0 0 0 0 40 6 0 0 0 0 24 0 9 42 57
 36 0 0 0 0 0 0 0]
[0 2 2 4 106 88 0 0 0 0 0 0 0 0 0 0 0 0 0 0 0 0 130 69 0 0 0 0 24 0 24 42
 40 26 1 0 0 0 0 0 0]
[0 1 9 4 48 73 0 0 0 0 0 1 0 0 0 0 0 0 0 0 0 0 0 19 0 0 0 0 24 0 3 0 57 36
 0 30 2 0 0 0 0]
[0 1 19 4 35 71 0 0 0 0 0 1 0 0 0 0 0 0 0 0 0 0 0 11 0 0 0 0 24 0 26 28 5
 26 11 5 2 0 0 0 0]
[0 1 9 4 93 46 0 0 0 0 0 1 0 0 0 0 0 0 0 0 0 0 137 28 0 0 0 0 24 0 0 42 53
 34 1 0 0 0 0 0 0]
[0 1 9 4 86 45 0 0 0 0 0 1 0 0 0 0 0 0 1 0 0 0 137 28 0 0 0 0 24 0 0 42 53
 34 1 0 0 0 0 0 0]
[0 1 9 4 28 110 0 0 0 0 0 1 0 0 0 0 0 0 0 0 0 0 19 4 0 0 0 0 24 0 11 59 57
 36 0 2 3 0 0 0 0]
[0 1 9 4 63 139 0 0 0 0 0 1 0 0 0 0 0 0 0 0 0 0 137 28 0 0 0 0 24 0 0 36
 57 36 0 4 3 0 0 0 0]
[0 1 9 4 81 8 0 0 0 0 0 1 0 0 0 0 0 0 0 0 0 0 77 15 0 0 0 0 24 0 0 42 57
 36 0 0 0 0 0 0 0]
[0 1 9 4 91 122 0 0 0 0 0 1 0 0 0 0 0 0 0 0 0 0 176 69 0 0 0 0 24 0 0 40
 57 36 0 4 7 0 0 0 0]
[0 1 19 4 109 67 0 0 0 0 0 1 0 0 0 0 0 0 0 0 0 0 0 0 0 0 0 0 24 0 0 5 18
 20 3 2 1 0 0 0 0]
[0 1 9 4 70 114 0 0 0 0 0 1 0 0 0 0 0 0 0 0 0 0 9 6 0 0 0 0 24 0 15 21 57
 36 0 1 1 0 0 0 0]
[0 1 9 4 67 131 0 0 0 0 0 1 0 0 0 0 0 0 0 0 0 0 77 15 0 0 0 0 24 0 0 24 57
 36 0 1 2 0 0 0 0]
[0 1 9 4 52 74 0 0 0 0 0 1 0 0 0 0 0 0 0 0 0 0 137 28 0 0 0 0 24 0 0 31 57
 36 0 0 1 0 0 0 0]
[0 1 9 4 93 10 0 0 0 0 0 1 0 0 0 0 0 0 0 0 0 0 0 0 0 0 0 0 24 0 0 0 57 36
 0 30 2 0 0 0 0]
[0 1 9 4 21 94 0 0 0 0 0 1 0 0 0 0 0 0 0 0 0 0 0 0 0 0 0 0 24 0 0 42 57 36
 0 0 0 0 0 0 0]
[0 1 9 4 39 53 0 0 0 0 0 1 0 0 0 0 0 0 0 0 0 0 0 0 0 0 0 0 24 0 0 70 57 36
 0 12 4 0 0 0 0]
[0 1 19 4 115 66 0 0 0 0 0 1 0 0 0 0 0 0 0 0 0 0 0 0 0 0 0 0 24 0 0 80 16
 19 4 1 1 0 0 0 0]
[0 1 9 4 49 83 0 0 0 0 0 1 0 0 0 0 0 0 0 0 0 0 40 29 0 0 0 0 24 0 6 28 57
 36 0 5 1 0 0 6 6]
[0 1 9 1 56 109 0 0 0 0 0 1 0 0 0 0 0 0 0 0 0 0 130 20 0 0 2 4 24 0 0 42
 57 36 0 0 0 0 0 2 2]
[0 1 9 4 54 98 0 0 0 0 0 1 0 0 0 0 0 0 0 0 0 0 0 4 0 0 0 0 24 0 11 44 20
 36 0 17 5 0 0 0 0]
[0 1 9 4 88 52 0 0 0 0 0 1 0 0 0 0 0 0 0 0 0 0 135 24 0 0 0 0 24 0 2 42 57
 36 0 0 0 0 0 0 0]
[0 1 9 4 58 111 0 0 0 0 0 1 0 0 0 0 0 0 0 0 0 0 19 3 0 0 0 0 24 0 0 42 57
 36 0 0 0 0 0 0 0]
[0 1 9 4 27 76 0 0 0 0 0 1 0 0 0 0 0 0 0 0 0 0 131 21 0 0 0 0 24 0 0 42 57
 36 0 0 0 0 0 0 0]
[0 1 9 4 64 72 0 0 0 0 0 1 0 0 0 0 0 0 0 0 0 0 0 0 0 0 0 0 24 0 0 42 44 29
 1 0 0 0 0 0 0]
[0 1 9 4 33 41 0 0 0 0 0 1 0 0 0 0 0 0 0 0 0 0 40 38 0 0 0 0 24 0 7 42 57
 36 0 0 0 0 0 0 0]
[0 1 9 4 87 57 0 0 0 0 0 1 0 0 0 0 0 0 0 0 0 0 19 3 0 0 0 0 24 0 0 50 57
 36 0 3 3 0 0 0 0]
[0 1 9 4 69 35 0 0 0 0 0 1 0 0 0 0 0 0 0 0 0 0 40 5 0 0 0 0 24 0 0 69 57
 36 0 1 2 0 0 0 0]
[16 1 19 4 113 63 0 0 0 0 0 1 0 0 0 0 0 0 0 0 0 0 0 0 0 0 0 0 24 0 0 29 74
 13 3 0 2 0 0 0 0]
[0 1 9 4 36 120 0 0 0 0 0 1 0 0 0 0 0 0 0 0 0 0 115 19 0 0 0 0 24 0 0 64 2
 36 0 2 7 0 0 0 0]
[0 1 9 4 101 42 0 0 0 0 0 1 0 0 0 0 0 0 0 0 0 0 57 20 0 0 0 0 24 0 25 42
 57 36 0 0 0 0 0 0 0]
[0 1 9 4 85 100 0 0 0 0 0 1 0 0 0 0 0 0 0 0 0 0 49 16 0 0 0 0 24 0 4 2 57
 36 0 1 2 0 0 0 0]
[0 1 9 4 47 117 0 0 0 0 0 1 0 0 0 0 0 0 0 0 0 0 99 18 0 0 0 0 24 0 0 42 57
 36 0 0 0 0 0 0 0]
[0 1 9 4 89 34 0 0 0 0 0 1 0 0 0 0 0 0 0 0 0 0 137 28 0 0 0 0 24 0 0 67 57
 36 0 2 2 2 0 0 0]
[0 1 9 4 90 87 0 0 0 0 0 1 0 0 0 0 0 0 0 0 0 0 58 12 0 0 0 0 24 0 0 42 57
 36 0 0 0 0 0 0 0]
[0 1 9 4 59 37 0 0 0 0 0 1 0 0 0 0 0 0 0 0 0 0 57 11 0 0 0 0 24 0 0 42 57
 36 0 0 0 0 0 0 0]
[0 1 9 4 97 23 0 0 0 0 0 1 0 0 0 0 0 0 0 0 0 0 9 4 0 0 0 0 24 0 11 16 57
 36 0 1 4 0 0 0 0]
[0 1 9 4 40 39 0 0 0 0 0 1 0 0 0 0 0 0 0 0 0 0 0 0 0 0 0 0 24 0 0 42 57 36
 0 0 0 0 0 1 1]
[0 2 2 4 103 0 0 0 0 0 0 0 0 0 0 0 0 0 0 0 0 0 29 4 0 0 0 0 24 0 0 82 25
 36 0 30 1 0 0 0 0]
[0 1 9 4 46 48 0 0 0 0 0 1 0 0 0 0 0 0 0 0 0 0 0 0 0 0 0 0 24 0 0 9 57 36
 0 1 1 0 0 0 0]
[0 1 9 4 104 61 0 0 0 0 0 1 0 0 0 0 0 0 0 0 0 0 137 7 0 0 1 2 24 0 18 58
 57 36 0 2 1 0 0 2 0]
[1 1 19 4 55 63 0 0 0 0 0 1 0 0 0 0 0 0 0 0 0 0 0 20 0 0 0 0 24 0 26 63 20
 16 14 13 1 0 0 0 0]
[0 1 9 4 15 115 0 0 0 0 0 1 0 0 0 0 0 0 0 0 0 0 0 20 0 0 0 0 24 0 26 77 57
 36 0 11 2 0 0 0 0]
[0 1 9 4 102 26 0 0 0 0 0 1 0 0 0 0 0 0 0 0 0 0 57 11 0 0 0 0 24 0 0 42 57
 36 0 0 0 0 0 0 0]
[0 1 9 4 89 38 0 0 0 0 0 1 0 0 0 0 0 0 0 0 0 0 57 14 0 0 0 0 24 0 5 11 57
 36 0 1 1 0 0 0 0]
[0 1 19 4 117 49 0 0 0 0 0 1 0 0 0 0 1 0 0 0 0 0 0 11 0 0 0 0 24 0 26 39 9
 15 2 0 0 0 0 0 0]
[0 1 9 4 38 126 0 0 0 0 0 1 0 0 0 0 0 0 0 0 0 0 77 17 0 0 0 0 24 0 4 42 57
 36 0 0 0 0 0 0 0]
[0 1 9 4 26 130 0 0 0 0 0 1 0 0 0 0 0 0 0 0 0 0 40 7 0 0 0 0 24 0 8 10 57
 36 0 7 7 0 0 0 0]
[0 1 19 4 8 69 0 0 0 0 0 1 0 0 0 0 0 0 0 0 0 0 0 0 0 0 0 0 24 0 0 45 33 36
 0 3 1 0 0 0 0]
[0 1 9 4 82 12 0 0 0 0 0 1 0 0 0 0 0 0 0 0 0 0 9 4 0 0 0 3 24 0 17 42 56
 36 1 0 0 0 0 0 0]
[0 1 9 4 62 47 0 0 0 0 0 1 0 0 0 0 0 0 0 0 0 0 57 11 0 0 0 0 24 0 0 42 51
 34 1 0 0 0 0 1 1]
[0 1 9 4 99 112 0 0 0 0 0 1 0 0 0 0 0 0 0 0 0 0 0 2 0 0 0 0 24 0 14 35 57
 36 0 0 1 0 0 0 0]
[0 1 9 4 42 125 0 0 0 0 0 1 0 0 0 0 0 0 0 0 0 0 0 0 0 0 0 0 24 0 0 32 57
 36 0 5 3 0 0 0 0]
[0 1 9 4 94 135 0 0 0 0 0 1 0 0 0 0 0 0 0 0 0 0 57 11 0 0 0 0 24 0 0 17 57
 36 0 1 1 0 0 0 0]
[0 1 9 4 45 140 0 0 0 0 0 1 0 0 0 0 0 0 0 0 0 0 52 9 0 0 0 0 24 0 0 8 56
 36 0 1 1 1 0 0 0]
[0 1 19 4 57 65 0 0 0 0 0 1 0 0 0 0 0 0 0 0 0 0 0 11 0 0 0 0 24 0 26 15 27
 21 3 1 1 0 0 0 0]
[0 1 9 4 98 113 0 0 0 0 0 1 0 0 0 0 0 0 0 0 0 0 0 74 0 0 0 0 24 0 4 1 57
 36 0 9 5 0 0 0 0]
[0 1 9 4 78 40 0 0 0 0 0 1 0 0 0 0 0 0 0 0 0 0 137 28 0 0 0 0 24 0 0 42 55
 35 1 0 0 0 0 3 3]
[11 1 19 4 119 68 0 0 0 0 0 1 0 0 0 0 0 0 0 0 0 0 57 11 0 0 0 0 24 0 0 13
 26 21 2 1 1 0 0 0 0]
[0 1 9 4 22 93 0 0 0 0 0 1 0 0 0 0 0 0 0 0 0 0 57 20 0 0 0 0 24 0 25 25 57
 36 0 20 1 0 0 0 0]
[0 1 9 4 95 80 0 0 0 0 0 1 0 0 0 0 0 0 0 0 0 0 137 69 0 0 0 0 24 0 22 54
 57 36 0 2 4 0 0 0 0]
[0 1 9 4 31 119 0 0 0 0 0 1 0 0 0 0 0 0 0 0 0 0 133 22 0 0 0 0 24 0 0 42
 57 36 0 0 0 0 0 0 0]
[0 1 9 4 92 123 0 0 0 0 0 1 0 0 0 0 0 0 0 0 0 0 185 15 0 1 0 0 24 0 9 42
 57 36 0 0 0 0 0 0 0]
[0 1 9 4 10 92 0 0 0 0 0 1 0 0 0 0 0 0 0 0 0 0 57 11 0 0 0 0 24 0 0 37 57
 36 0 0 1 0 0 0 0]
[0 1 9 4 16 138 0 0 0 0 0 1 0 0 0 0 0 0 0 0 0 0 0 18 0 0 0 0 24 0 11 0 57
 36 0 30 3 0 1 0 0]
[0 1 9 4 83 106 0 0 0 0 0 1 0 0 0 0 0 0 0 0 0 0 77 16 0 0 0 0 24 0 4 74 57
 36 0 1 2 0 0 0 0]
[0 1 9 4 37 102 0 0 0 0 0 1 0 0 0 0 0 0 0 0 0 0 130 20 0 0 0 0 24 0 0 81
 57 36 0 10 5 0 0 0 0]
[0 1 9 4 60 13 0 0 0 0 0 1 0 0 0 0 0 0 0 0 0 0 51 9 0 0 0 0 24 0 13 42 57
 36 0 0 0 0 0 0 0]
[0 1 9 4 105 85 0 0 0 0 0 1 0 0 0 0 0 0 0 0 0 0 9 2 0 0 0 0 24 0 0 42 57
 36 0 0 0 0 0 0 0]
[0 1 9 4 74 86 0 0 0 0 0 1 0 0 0 0 0 0 0 0 0 0 29 6 0 0 0 0 24 0 15 43 57
 36 0 4 1 0 0 0 0]
[0 1 9 4 59 104 0 0 0 0 0 1 0 0 0 0 0 0 0 0 0 0 133 25 0 0 0 0 24 0 10 42
 57 36 0 0 0 0 0 0 0]
[0 1 9 4 110 129 0 0 0 1 0 1 1 0 0 0 0 0 0 0 0 0 137 28 0 0 0 0 24 0 0 38
 43 36 0 0 0 0 0 4 4]
[0 0 3 4 118 0 0 0 0 0 0 0 0 0 0 0 0 0 0 0 0 0 0 27 0 0 0 0 24 0 26 0 57
 36 0 30 17 0 0 0 0]
